190.64
98.1266
219.597
100.099
230.9
111.859
100.41
101.04
89.1062
109.754
89.8189
198.031
94.5406
233.26
226.862
124.371
118.876
92.7501
73.7837
125.74
159.368
90.0917
117.027
96.7705
116.736
106.546
218.976
106.677
79.9649
99.8119
186.098
88.7278
182.416
113.828
149.442
134.667
50.0084
71.5546
245.745
145.89
202.301
124.348
82.7874
141.027
99.715
91.5348
115.757
110.978
100.44
142.647
158.192
84.4478
80.9754
1.08339
157.602
136.351
3.14095
126.302
97.6103
131.573
141.575
156.024
81.8012
89.1545
207.784
173.143
202.727
98.6537
81.9681
86.2008
83.3713
139.094
140.38
106.196
155.812
121.085
107.317
97.3842
153.857
112.346
80.2024
139.849
180.085
128.579
119.074
104.486
136.578
139.912
135.726
130.691
178.287
92.9528
102.061
144.564
122.208
177.745
99.8925
104.278
118.447
84.4604
