125.695
36.6075
47.4404
38.5497
148.831
28.7735
42.1526
26.4393
28.8053
26.6601
28.5064
31.7537
31.1773
42.7267
154.412
31.5806
41.2419
38.2118
24.6256
62.4938
27.9975
26.6607
36.4415
36.7107
40.8764
27.3544
27.9153
32.2025
25.3232
47.8573
52.5949
27.9803
86.7016
40.2402
32.4865
33.3411
16.0543
26.6497
37.9313
52.9821
33.3838
41.9532
27.4566
67.2426
30.0801
27.5021
34.8915
33.05
28.8
27.9012
56.4379
28.5642
22.0134
0
69.1129
56.2017
0
29.2267
39.2341
40.2746
54.4966
47.9732
28.3004
28.0541
33.247
27.0522
60.6632
31.0706
27.9287
27.7339
27.5201
46.0608
30.4948
39.6594
67.4978
35.8706
27.6254
32.1049
53.0556
53.4218
26.5126
30.9634
49.7909
28.3564
48.325
34.4167
31.6375
61.8059
27.44
41.9007
69.4444
29.4252
36.2268
37.8072
36.0217
91.4441
33.9975
27.5062
33.2711
37.7802
