2324.09
1477
1342.28
2607.84
1650.78
2144.89
2466.8
1936.42
2147.08
2654.22
2620.5
2776.77
2541.74
2052.25
1622.94
2476.13
3390.93
2297.29
3506.48
2739.84
3773.56
2603.52
3620.84
2288.41
2654.55
3608.74
3210.81
1998.53
2935.12
2520.55
3407.94
1863.65
2008.26
3792.55
2741.73
3232.08
1977.85
3146.98
2438.67
3085.84
2720.91
2823.62
2245.86
1905.36
2552.51
1708.33
2905.07
2916.06
3286.33
2751.25
3988.23
2278.83
1563.15
0
2519.99
2898.1
0
2404.43
4288.88
2237.7
4062.29
2576.76
1894.06
2231.9
1470.73
2827.94
1382.44
3147.61
2099.37
3085.05
1994.76
3771.25
3528
3502.63
2223.01
2188.18
3438.91
2370.33
2509.23
3024.11
1969.53
3989.05
3690.17
2703.82
3131.16
2286.28
3422.84
3295.59
2997.09
2721.16
3649.17
2611.7
3002.31
3368.71
2457.88
2388.51
3742.12
3261.65
2081.8
2133.71
