2079.21
1679.17
1471.02
2648.93
1800.01
2054.08
2467.1
2027.89
2231.47
2654.82
2697.54
2959.56
2518.89
1902.97
1686.18
2469.22
3274.27
2225.44
3529.41
2638.11
3952.18
2574.3
3535.57
2340.22
2683.52
3838.45
3360.42
1812.39
3013.6
2374.56
3416.81
1858.94
1913.96
3845.85
3091.01
3341.87
2115.41
2947.86
2459.42
3091.8
2641.72
2797.06
2216.69
1661.06
2593.29
1765.59
2972.99
2967.75
3384.47
2782.13
3724.12
2336.44
1535.61
0
2618.37
2988.68
0
2491.85
4195.34
2053.15
3933.79
2554.15
1767.15
2407.7
1730.83
2779.5
1521.17
3116.5
2190.62
3070.75
1923.16
3847.6
3592.51
3512.62
2063.45
2076.73
3417.2
2301.45
2542.82
3009.1
1834.66
3891.74
3772.88
2763.75
2902.02
2250.67
3406.38
3177.19
3002.44
2786.98
3341.41
2703.27
3037.5
3379.25
2674.5
2379.96
3329.35
3385.79
2126.41
2066.85
