11.0171
8.31044
11.1609
8.65007
9.62724
5.9326
13.8159
9.21738
13.0239
9.81829
5.38736
11.3243
11.8418
4.4174
10.7704
13.1605
9.5337
6.95998
6.51609
11.2662
10.8552
9.57908
9.7251
11.9177
7.70279
2.3422
11.0614
9.51198
1.55168
6.64774
8.40539
6.85474
7.06233
9.25607
11.6365
10.195
7.55913
9.77935
12.6591
9.67334
10.9413
11.3364
10.1786
8.1205
9.38815
11.3542
9.76038
9.59524
10.0801
5.4488
7.21701
12.078
7.30409
9.42855
6.16203
10.5337
12.2478
8.4749
10.441
8.00485
12.4312
6.92204
9.25801
6.04913
10.9252
10.8282
11.0043
12.4482
11.158
9.4783
7.67725
6.02132
6.13439
12.1594
9.90086
10.303
11.4089
13.067
10.8564
7.59296
10.1423
10.8628
11.6304
10.2731
10.4307
8.62394
12.766
9.73521
9.95749
10.5793
10.6677
12.8206
12.4548
7.10437
11.1042
7.32691
9.23768
10.7181
4.80801
4.37855
