0.965445
0.396448
2.98872
2.66458
-2.99601
2.97059
-0.837859
-0.843583
0.196399
-0.817058
1.64549
-3.00316
-2.815
-0.301152
-0.330249
-1.35545
0.333778
2.06127
-1.53384
-0.903734
-1.09583
1.80418
-0.426017
0.149951
-2.23494
1.1279
0.451178
-2.76293
0.944024
0.86142
-1.4291
1.68018
-2.54692
0.228741
2.53247
-0.356496
0.351889
0.89204
0.301011
-2.1416
2.18651
3.12622
-1.59304
-2.81782
1.08514
1.50437
2.55119
0.108101
-1.85677
-0.524953
-2.13192
1.24849
-1.76966
1.48316
1.64308
-1.2335
-0.823394
1.15569
1.87436
-0.47863
-1.59897
1.95634
0.377471
1.45092
-2.53082
2.15018
-0.433033
2.65126
2.09841
0.373176
-2.86113
-0.0392539
1.94352
2.32478
-0.192092
0.661036
1.85829
-1.45157
-1.67997
-1.12963
-1.71715
0.985021
1.09828
2.04375
1.27938
-2.2254
-1.43373
1.62564
2.48695
1.81952
1.22641
1.39528
-2.79703
-0.0201384
0.183565
-0.34762
1.10934
-1.55979
1.56598
0.868181
