1.53698
1.8433
1.40308
2.37988
1.37826
1.94096
1.31032
2.41889
0.595818
1.63694
0.679279
1.72344
2.60018
1.51005
1.48612
2.43484
2.45847
0.606582
2.33577
1.43534
0.645075
1.30954
0.716992
2.7464
2.66684
0.934491
2.04174
1.88861
0.352382
1.34084
1.11213
1.08479
1.3128
2.02571
0.839815
1.76172
2.25413
2.51559
1.2868
1.37323
1.76553
0.855755
1.40592
1.42175
0.360154
2.30531
1.38874
2.24642
2.71555
2.08421
1.27495
2.86574
1.44457
1.06994
2.88071
1.36844
1.34348
1.35844
1.02847
1.50653
1.69546
2.65187
0.878116
2.70951
1.3866
1.59419
1.6672
0.0829893
2.90626
2.81242
2.32028
2.1398
2.17206
1.25634
1.24646
0.0667324
1.96566
0.382614
0.447346
1.22049
0.674197
2.72226
1.22308
1.45567
2.40092
2.51947
1.60218
0.482345
1.71627
1.41563
2.40342
1.35217
0.153749
2.27717
0.833966
1.07596
2.43732
0.50459
2.31891
2.17126
