-0.752971, 0.168748, -0.636049
-0.939587, 0.0358174, 0.34043
0.545583, 0.349781, -0.761573
0.432234, -0.772801, 0.464707
-0.235386, -0.266184, 0.93474
0.322815, 0.803239, -0.500598
-0.028985, -0.643058, -0.765269
-0.0119639, 0.820857, -0.571008
-0.695193, -0.0572143, -0.716543
0.222855, 0.690327, 0.68832
-0.0451702, -0.876819, 0.478693
0.0784068, 0.981387, -0.175306
0.376973, -0.897213, -0.230001
-0.206516, 0.977691, -0.0383729
0.211094, -0.803255, 0.556974
-0.0755998, 0.865822, 0.494609
-0.0149117, 0.999249, 0.035768
0.682087, -0.313388, 0.660716
0.471179, 0.0797918, -0.878421
-0.446926, 0.623205, 0.641773
0.448249, -0.893876, 0.00763188
-0.0938109, 0.53063, -0.842396
0.389982, -0.819004, -0.420887
-0.115612, 0.418367, 0.90089
-0.27879, -0.611542, 0.740468
0.414015, 0.852974, 0.317848
-0.776091, -0.538993, 0.327367
-0.437849, -0.164798, 0.883816
1, 0.0649619, 0.4933
0.668397, -0.205094, 0.71497
0.529049, -0.767667, 0.361656
-0.433159, 0.358184, -0.82709
-0.480723, 0.598674, -0.640699
0.480922, -0.47249, -0.738558
-0.0829297, 0.961745, -0.261091
0.130044, -0.618327, -0.775088
-0.417819, 0.165324, -0.893362
-0.850459, 0.116465, -0.512986
0.288484, -0.544947, 0.78728
-0.840507, 0.475417, -0.25986
0.525092, -0.524232, 0.670417
0.515885, 0.806858, -0.287826
0.728206, -0.0918748, -0.679172
-0.543769, -0.673462, 0.500764
0.15447, 0.981931, -0.10932
0.433014, -0.898661, 0.0700466
0.451585, 0.822582, -0.345588
0.338141, -0.0272268, -0.940702
0.117924, -0.0675486, -0.990723
0.976873, 0.204878, 0.0611893
-0.688324, 0.688846, -0.22738
-0.386063, -0.794179, -0.469292
0.204976, -0.968539, 0.141125
-0.626378, -0.571303, 0.530342
0.917549, 0.360981, -0.166723
0.374331, 0.756492, 0.53628
-0.275791, 0.124934, 0.953064
-0.554031, 0.569405, -0.607312
0.800452, 0.598355, 0.035334
-0.0822528, 0.517683, -0.851609
0.678236, 0.340692, 0.651096
-0.68124, 0.728185, -0.0752289
-0.361502, 0.395277, 0.844436
-0.372471, 0.173777, -0.911629
0.232099, 0.42047, 0.877118
0.794528, 0.189377, 0.576941
0.996698, 0.0810831, -0.004215
0.135035, 0.990841, -0.000824627
-0.39426, 0.642429, 0.657148
-0.209447, 0.700388, -0.68234
-0.793842, 0.598167, 0.109599
0.411497, -0.300065, 0.860599
-0.993367, 0.0916229, -0.0694752
0.744596, 0.527297, 0.40931
0.886206, 0.449707, -0.111368
0.0835944, 0.886088, -0.455917
-0.104279, 0.990175, -0.0931633
0.740458, 0.103786, -0.664041
-0.807416, -0.43839, -0.394834
0.49035, 0.180229, -0.852687
0.816871, -0.522844, 0.243632
0.997609, 0.0364729, -0.0587022
0.340921, -0.723841, 0.599856
0.0756181, 0.992438, -0.0966843
0.575846, -0.156177, -0.802503
0.350697, 0.8866, 0.301582
0.747497, 0.623055, 0.230326
0.787455, -0.276109, 0.551071
-0.701663, 0.683583, 0.200955
-0.662425, 0.371965, 0.650258
0.258302, -0.77471, 0.577153
0.959325, -0.0196499, -0.28162
-0.317409, -0.930621, -0.182197
-0.0848752, -0.0591716, 0.994633
0.65883, -0.611297, -0.438474
0.959757, -0.166188, -0.226381
0.0499725, -0.579355, 0.813542
-0.383489, -0.873259, -0.30059
0.305708, -0.36023, 0.881349
-0.454618, -0.0792019, 0.887158
0.393562, -0.908355, -0.141423
0.0601278, -0.559593, -0.826584
-0.0935249, -0.554363, 0.827003
-0.688492, 0.449468, 0.569172
0.186263, -0.0304184, -0.982029
0.334308, 0.46284, 0.820985
-0.15882, 0.810926, -0.563183
-0.213363, 0.0346345, 0.976359
0.21588, 0.948179, -0.233137
0.245568, 0.90334, -0.351673
-0.586544, 0.759138, 0.282267
-0.166713, -0.242189, 0.955799
0.678168, -0.709379, 0.192013
-0.322563, -0.588312, 0.741513
-0.348133, -0.331641, 0.876822
0.915083, -0.360653, -0.180422
-0.350923, -0.808268, -0.472818
-0.924665, -0.0531572, -0.377053
-0.56886, -0.108588, 0.815234
-0.740324, 0.193551, -0.643784
0.194652, -0.143115, 0.970375
0.0407286, 0.671958, 0.739469
-0.245965, 0.407242, 0.879576
0.141717, -0.989904, -0.00233611
0.764558, 0.62033, -0.17505
0.489302, 0.867123, -0.093168
0.846047, 0.484977, -0.221365
-0.436949, -0.428836, -0.79068
0.598158, -0.492204, 0.63241
0.800021, -0.251658, 0.544642
-0.543611, 0.403314, -0.736087
-0.271217, -0.269346, 0.924064
-0.0952341, -0.756191, -0.647384
0.566877, -0.28863, 0.771584
0.507471, 0.531263, 0.678404
0.431324, 0.892867, -0.129417
0.435893, -0.168911, -0.884006
-0.0729238, -0.126668, 0.989261
0.183452, -0.207324, 0.960917
0.06923, 0.995759, 0.0605983
0.481644, -0.756536, -0.442348
0.199422, -0.896635, -0.39532
0.460544, 0.8679, 0.186139
-0.858717, 0.164372, -0.485372
-0.536105, 0.752303, -0.382925
0.414929, 0.83853, 0.353132
-0.339896, -0.745121, -0.573816
0.234126, 0.920411, -0.313095
-0.763842, 0.638805, 0.0920556
-0.75527, -0.278461, 0.593319
0.567842, 0.809726, -0.147987
0.0251448, 0.561318, 0.827218
-0.673282, 0.448222, -0.588038
0.828679, 0.555914, -0.0651919
0.249631, 0.222748, 0.942373
0.741173, 0.666741, 0.0782181
0.247109, -0.958124, -0.144688
-0.413102, 0.817341, -0.401622
0.759991, -0.0672785, -0.646442
0.604699, 0.568026, 0.558288
-0.947523, 0.272579, -0.167034
0.968822, -0.0276779, 0.246206
0.786745, -0.587741, -0.188658
-0.909955, 0.145704, -0.388268
-0.556393, -0.730516, -0.395946
-0.881481, -0.192548, -0.43118
0.0182923, 0.320347, 0.947124
1.48065e-05, 3.62908, 1.64046
-0.541614, 0.827084, -0.150287
-0.710946, -0.243293, -0.659821
-0.721611, -0.692233, -0.0095587
-0.405635, -0.0332055, 0.913432
0.562687, -0.708325, -0.426215
0.268354, -0.741484, -0.61497
-0.795241, 0.229062, 0.561358
0.650596, 0.752825, -0.0998965
-0.965257, -0.148013, 0.215338
0.0886366, 0.992248, -0.0871108
0.257684, 0.801111, 0.540204
0.806996, -0.589397, -0.0369814
-0.784957, -0.42867, 0.447308
-0.336225, 0.941392, 0.0270828
0.638882, -0.191197, -0.745167
-0.470572, -0.765556, 0.438732
-0.347995, -0.0997388, 0.932176
0.814463, -0.580144, -0.00911383
0.18887, -0.0870779, 0.978134
0.664689, -0.67281, 0.324831
0.447526, 0.888357, -0.102675
-0.542635, -0.834782, -0.0932005
-0.733669, 0.545364, 0.405349
-0.905511, 0.313101, -0.286388
-0.3478, -0.929643, 0.121648
-0.92725, 0.162642, -0.337275
-0.536816, -0.526737, 0.659073
-0.586633, 0.721396, -0.368035
-0.330076, 0.907003, -0.261524
0.779033, 0.44289, 0.443797
0.239253, -0.170653, 0.955843
-0.175197, -0.574289, -0.799686
-0.496316, 0.699114, 0.514694
-0.751022, 0.639997, 0.162387
0.553154, 0.762954, 0.334548
-0.0243393, -0.986267, -0.163359
0.583621, -0.805571, 0.102188
-0.332256, -0.767163, 0.548696
0.343065, 0.570184, 0.746456
-0.151869, -0.444783, -0.882669
-0.875395, 0.409565, -0.256788
0.68529, 0.724145, 0.0774005
0.936646, 0.34705, 0.0474387
-0.356638, 0.77067, 0.528088
0.160919, 0.219702, -0.962204
-0.422781, -0.901004, 0.0972016
-0.881721, -0.0458498, 0.469538
-0.605706, 0.2323, 0.761024
-0.9288, -0.252298, 0.271435
-0.569285, -0.700315, -0.430665
-0.671786, 0.681359, 0.290609
-0.0434265, 0.951946, 0.303171
-0.442616, -0.672718, -0.592909
-0.702148, 0.17373, -0.690512
0.779371, 0.554208, 0.292292
0.610928, -0.588559, -0.529495
0.622025, -0.263625, -0.737284
0.867859, -0.121706, -0.481672
0.905622, -0.16702, -0.389811
0.219818, -0.975531, 0.00432994
-0.295194, 0.872928, -0.388404
-0.507494, -0.782306, -0.361176
0.772052, -0.417119, -0.479528
0.726195, -0.529959, -0.437932
0.362603, 0.730886, -0.578208
0.605091, 0.210732, 0.767761
-0.693162, -0.634956, -0.341112
0.733361, 0.0766989, 0.675499
-0.732617, 0.630602, 0.25615
0.595261, 0.651616, 0.470171
0.601693, -0.566671, 0.562894
-0.716745, -0.626991, 0.305221
0.497434, 0.21428, 0.840621
-0.634974, 0.764376, -0.11197
-0.247961, 0.8761, 0.413477
0.978803, 0.203975, 0.0183981
0.652397, -0.340091, 0.677286
-0.548287, -0.811839, 0.200744
-0.685638, 0.306845, -0.660111
0.26173, -0.136355, -0.95546
-0.400099, -0.194398, -0.895617
-0.915029, 0.383279, -0.125772
0.714691, -0.682127, -0.154662
-0.973572, -0.164515, 0.158408
-0.696213, 0.631936, 0.340505
0.498455, -0.519478, 0.694035
-0.583858, -0.500174, 0.639481
0.574318, -0.779125, 0.251242
-0.0606789, 0.912834, 0.403797
0.0884724, -0.990292, -0.107208
0.429797, -0.471761, -0.76988
0.871637, -0.485656, 0.0662371
-0.028881, -0.429688, -0.902516
-0.950652, -0.305223, -0.0556705
-0.461087, -0.802437, -0.378805
0.295098, -0.900641, -0.319003
-0.283208, -0.951937, 0.116658
-0.771774, -0.544698, 0.328131
-0.892878, 0.413667, -0.177902
0.584545, -0.810454, -0.03836
0.174575, 0.188693, 0.966395
-0.867599, 0.102776, -0.486527
-0.800436, 0.142765, 0.582169
0.537807, -0.0727694, -0.839921
-0.430619, 0.85212, -0.297421
-0.0786362, 0.95165, 0.29695
-0.102026, -0.814272, -0.571447
-0.511944, -0.66457, -0.544298
-0.610126, 0.536779, -0.582764
-0.496731, -0.804755, 0.325005
-0.954001, 0.298129, -0.0316559
-0.725188, 0.420412, -0.545304
-0.266397, 0.566667, 0.779693
-0.992076, -0.0449264, 0.117335
-0.281526, -0.411074, -0.867042
0.213199, 0.937091, -0.276419
-0.362351, -0.265206, -0.893514
0.191029, -0.596309, -0.779694
0.752619, -0.590527, 0.291278
0.327014, 0.854426, -0.403756
-0.204867, -0.795289, 0.570565
0.49982, 0.78295, -0.370365
0.871059, 0.193839, 0.451313
0.157105, 0.974539, -0.159972
0.0566804, -0.987483, -0.147187
0.45257, 0.348776, 0.820692
-0.778519, -0.598202, -0.189903
0.553578, 0.699521, -0.451909
-0.849319, 0.519516, -0.0935908
-0.649455, 0.49384, 0.578213
0.83476, -0.344512, -0.429519
0.401106, 0.910045, 0.104558
0.323531, 0.702667, 0.633709
-0.0728534, 0.318675, -0.94506
0.688674, -0.500939, -0.524202
0.316315, 0.872721, -0.371891
-0.707693, -0.625006, -0.329452
0.0986584, 0.142599, -0.984851
0.0910593, 0.293497, -0.951613
0.817494, 0.542125, 0.194432
-0.617802, -0.544442, 0.567365
0.736743, 0.649505, -0.188022
0.405006, -0.251224, 0.879123
0.0940081, -0.912372, 0.398421
-0.865656, 0.317351, 0.387206
0.908603, -0.147281, -0.390832
0.252061, -0.900667, 0.353926
0.224257, 0.55094, 0.80385
-0.323204, 0.327909, -0.887702
-0.484876, -0.63287, 0.603631
0.592246, -0.273519, 0.757913
-0.660221, 0.313822, 0.682366
-0.0447695, 0.813909, 0.579265
0.542939, -0.515751, 0.662735
-0.792467, 0.452861, -0.40855
-0.052121, -0.79543, 0.6038
-0.73013, 0.113909, 0.673747
0.773723, 0.145204, 0.616659
-0.906849, -0.0698867, -0.415622
0.657447, -0.273561, 0.702088
0.608019, -0.76182, -0.22348
-0.413545, -0.852738, 0.31909
0.0427641, 0.645589, 0.762487
-0.276991, 0.779361, -0.562025
-0.396587, 0.915785, 0.0636929
-0.286429, -0.337699, -0.896615
-0.942494, -0.119198, 0.312244
-0.482188, 0.425589, 0.765747
-0.853792, -0.170097, -0.492043
0.16195, 0.966906, 0.197141
-0.866104, 0.0301813, -0.498953
0.326156, -0.940374, 0.0965372
0.392815, -0.695145, 0.602054
-0.380055, -0.191652, 0.904891
-0.347333, -0.260599, -0.900804
-0.44355, -0.88207, 0.158794
0.735298, -0.287931, 0.613541
0.427396, -0.211929, -0.878874
0.794826, 0.396082, -0.459751
0.47075, -0.856836, 0.210299
0.426767, -0.902189, 0.0626435
0.126722, -0.972671, 0.194559
-0.902082, -0.401979, 0.15704
0.43844, 0.870721, 0.222746
-0.359723, 0.930247, -0.0723832
0.884484, -0.0402525, -0.464831
-0.564054, -0.513362, -0.646763
-0.986704, 0.162518, -0.00197697
0.58661, 0.511494, 0.627904
0.601069, -0.642768, 0.474937
0.230349, -0.753746, -0.615473
0.584986, -0.479238, 0.65431
0.881676, -0.266676, 0.389271
-0.463318, 0.607051, 0.645621
-0.814865, 0.2549, -0.520597
0.549639, 0.457154, 0.699219
0.444401, -0.724752, -0.526539
-0.793799, 0.553904, 0.251146
-0.32276, 0.722461, 0.611454
0.595252, -0.751151, 0.28539
0.520363, 0.337132, 0.784579
-0.0573466, 0.667375, -0.742511
-0.601213, -0.0173956, -0.798899
-0.241707, -0.92808, 0.283276
-0.180759, -0.326306, 0.92782
0.613155, -0.736265, 0.286277
-0.486192, -0.474533, 0.733782
-0.332324, -0.726315, 0.601687
-0.278297, 0.897594, -0.34187
0.686064, 0.703454, 0.185656
0.517046, 0.0409237, -0.854979
-0.662017, 0.336273, 0.669816
0.598169, 0.578806, 0.554235
0.336437, -0.161208, -0.927805
0.563463, 0.755996, 0.333135
-0.155802, -0.600519, -0.784285
-0.0805762, 0.272509, -0.958773
0.0451273, 0.717409, -0.695189
-0.68513, -0.550794, -0.476679
-0.143085, 0.711742, 0.687714
-0.35141, 0.907642, -0.22956
-0.489056, -0.407574, 0.771173
-0.102268, 0.908716, -0.404694
0.580457, -0.797157, 0.166165
-0.378981, -0.57989, 0.72118
0.222184, -0.612422, 0.758666
-0.718213, -0.505659, -0.477994
-0.728877, -0.663754, 0.167838
0.795285, -0.558415, -0.235998
-0.858956, -0.258131, 0.442226
0.677574, -0.646358, -0.350878
0.69166, 0.273524, 0.668424
0.365723, -0.185464, 0.912058
-0.684767, -0.0990807, 0.721995
-0.866708, 0.129022, 0.481841
-0.765717, 0.584217, 0.269012
0.725549, 0.688152, -0.00494979
0.310485, -0.81389, 0.491102
-0.938539, 0.322359, -0.123405
-0.477748, -0.860244, -0.178151
-0.861685, -0.269247, 0.430123
-0.174182, -0.463265, -0.868934
-0.371259, -0.754015, 0.541875
0.829866, 0.0548457, 0.555261
0.932765, 0.276421, -0.23139
-0.084779, 0.947591, 0.308033
0.448285, -0.893519, -0.0257945
-0.117054, 0.0270065, 0.992758
0.675478, -0.629369, -0.384218
0.400621, -0.698446, 0.593023
0.215107, -0.0893018, -0.972499
0.414578, -0.820174, -0.394258
0.991931, -0.0972807, -0.081304
0.858753, 0.414793, -0.300814
0.166033, 0.969115, 0.182345
-0.568426, -0.150135, -0.808919
0.565503, -0.73232, -0.37936
-0.640547, -0.397211, 0.657208
-0.280047, 0.707628, -0.648719
0.898269, -0.424492, -0.113664
-0.368839, 0.061361, 0.927466
0.971568, -0.131565, 0.196841
0.271791, 0.797278, 0.53896
-0.936129, 0.0801995, 0.34239
-0.836191, -0.218531, -0.50302
0.58822, -0.53436, -0.607006
-0.351811, 0.470625, -0.809161
-0.250902, 0.0775862, -0.964898
-0.350986, -0.404216, 0.844641
-0.149178, 0.311842, 0.93835
0.652854, 0.688738, 0.315312
-0.488101, 0.000786901, -0.872787
-0.0908725, -0.194761, 0.976632
-0.496548, 0.240799, 0.83394
-0.903911, 0.285657, -0.318347
-0.868848, -0.141966, -0.474288
0.460061, -0.883904, -0.0840137
-0.860102, -0.410565, 0.302757
0.16839, 0.545309, 0.821147
0.417796, 0.804933, 0.421343
0.51067, 0.855966, -0.0808656
0.0636275, 0.701909, -0.709419
0.463421, -0.181511, -0.867349
0.988583, -0.108602, 0.104449
-0.727797, -0.392213, -0.562566
-0.692489, 0.401362, 0.599473
0.99733, 0.0634146, -0.0362274
0.936688, 0.345415, -0.0574875
-0.557428, -0.723561, 0.407104
-0.00383056, -0.787965, 0.615708
0.236485, 0.968379, 0.079482
-0.178605, 0.0778517, -0.980836
0.505824, 0.0517765, -0.861081
0.357569, 0.0738316, -0.930963
0.449201, 0.850534, -0.273516
0.885851, -0.462648, -0.0349841
0.571923, 0.723038, -0.387453
0.492815, -0.34951, 0.796854
-0.668335, -0.587958, 0.455668
0.714573, -0.0363308, -0.698617
-0.643141, -0.512283, -0.569153
0.0744705, -0.455698, -0.887014
-0.808766, -0.47803, -0.342614
-0.202954, 0.805946, -0.556113
0.540145, 0.709573, -0.452492
0.295235, 0.924243, 0.242097
-0.859944, -0.465897, 0.208416
-0.686264, 0.641348, -0.343097
0.832603, 0.489159, -0.259802
-0.558692, -0.779317, -0.283775
0.243582, 0.00129533, 0.96988
-0.535689, -0.844231, -0.017681
-0.232291, -0.742539, 0.628233
-0.70481, 0.19372, 0.682434
-0.482866, -0.630499, -0.607709
0.818924, 0.573872, -0.00581929
0.425879, -0.752759, -0.501978
-0.15904, 0.972612, 0.169505
-0.728196, -0.096895, -0.678485
-0.615693, 0.734885, 0.284371
0.435096, 0.229373, 0.870677
0.770825, 0.581362, 0.260476
0.143327, 0.526898, -0.837756
0.822885, 0.20272, 0.530815
0.39863, 0.856458, 0.327985
-0.239156, 0.627081, -0.741333
-0.235451, -0.0852584, -0.968139
0.28938, -0.695967, 0.657182
0.842312, 0.00252557, 0.538985
0.897242, -0.433995, -0.08127
0.127388, 0.978548, -0.161915
0.61344, -0.786766, -0.0684869
-0.558167, 0.287992, -0.778146
-0.482038, -0.690575, 0.539209
0.51173, -0.511204, -0.690509
-0.663337, 0.663862, 0.345357
0.107563, 0.258014, 0.960135
0.207187, 0.500262, -0.840721
0.317918, -0.946325, -0.0582844
-0.944239, -0.295852, -0.144517
-0.418135, -0.855361, 0.305811
0.701163, 0.691935, 0.172037
-0.537302, -0.306386, -0.78577
-0.360591, -0.348898, -0.865011
-0.198743, 0.761333, 0.617149
-0.997211, 0.00242484, 0.0745892
-0.982078, -0.14481, 0.120637
0.776688, -0.595962, 0.203925
0.0618059, 0.0649602, 0.995972
0.351632, -0.307076, 0.884341
0.947853, 0.164483, 0.272982
-0.744223, 0.468114, 0.476446
-0.126499, 0.429262, 0.894277
0.755196, 0.215476, 0.619071
0.443851, -0.809339, 0.384664
0.162296, 0.741383, 0.651161
0.647777, 0.620572, 0.441899
-0.700348, -0.0767323, 0.709665
-0.982178, -0.054116, 0.179996
0.434328, 0.645861, 0.627871
-0.58265, 0.0104151, 0.812657
0.432695, -0.795, 0.425147
0.990859, 0.102828, -0.0873154
0.249809, -0.268422, -0.930347
0.50653, -0.85472, 0.11349
-0.043442, 0.974865, -0.218521
-0.971126, 0.22659, 0.0746403
0.310093, -0.469153, -0.826884
-0.236841, 0.689934, -0.68403
-0.697844, 0.675604, -0.237851
-0.534928, -0.410462, 0.738494
-0.811884, 0.196512, 0.549752
0.0698765, 0.331031, -0.941029
-0.54999, -0.775655, 0.309629
0.549638, 0.361472, 0.753151
0.162433, 0.617221, 0.76984
0.917894, -0.374779, -0.130428
-0.725424, 0.596965, 0.342626
0.748598, 0.412844, -0.518807
0.387681, 0.214711, 0.896439
-0.176466, -0.982303, 0.0627737
0.999076, -0.0181791, -0.0389369
-0.333891, -0.940676, -0.0603794
0.223148, -0.292019, 0.930016
0.45108, -0.244941, -0.858214
0.114885, 0.423206, -0.89872
0.618441, 0.540623, 0.570314
-0.735873, 0.573525, -0.359946
-0.411785, 0.128663, 0.902152
0.306318, -0.434251, -0.84711
0.105135, 0.78062, -0.6161
-0.761962, 0.609991, 0.217542
0.941641, 0.236879, -0.239167
-0.936244, -0.160764, 0.312413
-0.80428, 0.1407, 0.577354
-0.597796, -0.658795, -0.456759
0.192708, 0.294262, 0.936095
0.426957, -0.899854, 0.0892801
0.0390356, 0.424591, 0.904544
0.564705, 0.147517, 0.812002
-0.209935, -0.649276, 0.731004
-0.0848951, -0.893877, 0.440201
0.388651, -0.876103, -0.285298
-0.85327, -0.0714403, 0.516553
-0.350091, 0.879281, 0.322956
0.96749, 0.187423, 0.169811
0.980862, -0.111459, -0.159643
0.695003, 0.464839, -0.548539
-0.393087, -0.887929, 0.238882
-0.858529, -0.064678, -0.50867
0.773831, -0.614811, -0.152292
-0.894343, -0.000216246, 0.447382
-0.68182, 0.310303, 0.662445
0.351335, -0.0927958, 0.93164
-0.300958, 0.95287, 0.0382502
-0.913733, -0.0764457, -0.39906
-0.542446, 0.210405, 0.813316
0.21026, -0.192779, 0.95845
0.620395, -0.137784, 0.772091
-0.58049, 0.811579, -0.0661081
-0.955271, 0.283566, 0.0839564
0.288152, 0.506058, 0.812942
-0.107251, 0.987797, -0.112934
0.244875, -0.468144, 0.849045
-0.989888, 0.0131178, -0.141244
-0.922421, -0.374855, -0.0928615
0.810182, 0.554871, -0.189005
0.786062, -0.398766, -0.472326
0.0596152, -0.621644, -0.781028
-0.977824, 0.166779, 0.126665
-0.5926, 0.716985, 0.367093
-0.715517, 0.449473, 0.534799
0.177452, 0.973248, -0.145943
-0.382645, 0.779679, 0.495665
0.500619, -0.724723, 0.473452
0.855952, 0.461092, 0.233969
0.0954477, -0.767198, 0.634269
0.143109, 0.58966, -0.794871
-0.529942, -0.368266, 0.763899
0.864535, -0.0177585, 0.50226
-0.303895, 0.934179, -0.186969
0.839524, 0.484522, -0.245843
0.487898, -0.532444, -0.691707
-0.898885, 0.339671, -0.27682
0.857095, -0.311296, 0.410467
0.0774598, -0.779662, -0.621391
-0.336072, -0.880878, 0.333332
0.69247, -0.623659, -0.362679
-0.488577, 0.115142, 0.86489
-0.758627, -0.628761, -0.170718
-0.93309, -0.359302, 0.0156715
0.562573, -0.817581, -0.122772
-0.685057, 0.666647, -0.293733
0.492622, -0.187305, -0.849847
-0.0365521, 0.416456, 0.908421
-0.748389, -0.418707, -0.514392
-0.369381, 0.456072, -0.809665
-0.638033, -0.517272, -0.570389
0.708775, -0.660266, 0.248368
0.576685, -0.0480917, -0.81555
0.524913, -0.0412701, -0.850155
0.224133, -0.594629, -0.772127
0.142751, -0.917028, 0.3724
0.819874, 0.158723, 0.550103
-0.549057, 0.568309, 0.612831
0.19529, -0.0734006, -0.977995
-0.789678, -0.60005, 0.127858
-0.761269, 0.551403, 0.34121
0.343102, -0.0585618, 0.937471
0.591778, -0.794488, -0.136336
-0.389637, 0.867684, 0.308719
0.72526, 0.211817, 0.655081
0.269136, 0.904865, -0.329827
-0.708764, -0.689381, -0.14969
0.190519, -0.977827, 0.086936
0.444416, 0.891623, -0.0866205
0.619092, -0.519, -0.589377
-0.980531, -0.086948, 0.176063
-0.135811, -0.159379, -0.977831
-0.513644, 0.337287, 0.788928
-0.404212, -0.143513, 0.903336
0.402429, -0.801508, -0.442307
-0.786049, 0.495675, 0.369367
-0.0292531, 0.147133, -0.988684
-0.946356, 0.0431013, -0.320239
-0.281657, -0.0491079, 0.958258
-0.380391, 0.0579194, 0.92301
0.166987, 0.396709, -0.902628
-0.382182, -0.922888, -0.0470559
0.263426, -0.11576, 0.957709
-0.983898, 0.00315237, 0.178701
0.0802779, -0.545971, 0.833949
0.470585, 0.882354, 0.00110854
0.278813, -0.17525, 0.94422
0.30659, -0.83649, -0.454189
0.782367, 0.466471, -0.412683
0.960304, -0.158636, -0.229457
-0.317215, 0.948298, -0.0102947
0.654963, 0.3297, 0.679942
-0.278789, 0.911473, 0.302481
0.532734, -0.822096, 0.200878
0.670957, 0.733462, -0.108861
-0.503802, 0.328138, 0.799068
-0.368388, 0.928434, -0.0479727
0.2217, 0.615452, 0.756351
-0.937909, 0.257786, 0.232106
0.851733, 0.210857, 0.479678
0.263778, 0.461647, 0.846937
-0.0767569, -0.136345, 0.987683
-0.0891883, 0.275413, -0.95718
-0.974275, -0.0842865, 0.20901
0.718534, 0.458366, -0.523077
0.00543591, -0.993671, -0.112195
-0.641873, -0.160433, 0.74984
-0.211174, 0.129406, 0.968844
0.088614, -0.215241, 0.972532
-0.120116, 0.841941, 0.526031
0.900023, -0.322581, 0.293088
-0.952206, 0.22411, -0.207555
0.899252, -0.430996, -0.0747627
0.617356, 0.568813, -0.543437
0.426217, -0.36996, -0.825511
-0.421136, -0.902866, -0.0864735
-0.0305391, 0.0844669, -0.995958
0.953677, 0.237314, -0.184885
0.810277, 0.394563, 0.433326
-0.089309, 0.740738, 0.665832
-0.474097, 0.495985, 0.727483
-0.498993, -0.729849, 0.467253
0.0462811, 0.7495, 0.660384
0.223669, -0.496591, 0.838671
0.168229, 0.885002, -0.434133
0.957692, -0.143795, -0.249298
-0.419682, -0.872241, -0.251122
0.687528, 0.717479, -0.111933
-0.596084, -0.786323, -0.16242
0.759871, 0.502966, -0.41185
0.632042, -0.759032, -0.156185
0.324432, -0.06991, 0.943322
-0.89989, -0.433647, -0.0463522
-0.94755, -0.274447, 0.163791
-0.317514, -0.168226, 0.933212
0.948727, -0.107931, 0.297098
0.268075, 0.0983747, 0.958362
-0.847906, 0.358272, 0.390764
0.568966, 0.421741, 0.705983
0.404424, 0.795152, -0.451857
0.360183, 0.15599, 0.919747
0.236587, 0.947157, -0.216611
0.550316, 0.586353, -0.594425
0.248353, -0.966292, 0.067824
-0.55946, -0.727613, -0.396969
-0.649245, 0.694493, -0.310098
-0.634148, 0.704788, 0.31801
-0.70534, 0.404001, 0.582476
0.458804, -0.881326, -0.112979
-0.891072, -0.375999, -0.254195
-0.542088, -0.707413, 0.45355
0.80526, -0.0688257, 0.588913
-0.594541, 0.252286, 0.763461
0.0100056, 0.177048, 0.984151
-0.432039, -0.108463, -0.895309
0.986734, -0.135983, 0.0886853
-0.793817, -0.481081, -0.372043
-0.854485, -0.516036, -0.059693
0.224755, -0.974343, 0.0119118
0.868487, -0.241744, 0.432769
0.11553, 0.967907, -0.223181
0.749314, -0.585916, 0.308597
-0.10171, 0.994493, 0.0252587
-0.950836, -0.168275, -0.259988
0.704438, 0.0460613, 0.708269
-0.913928, 0.0346074, -0.404398
-0.295029, 0.874668, 0.384595
0.153853, 0.931528, -0.329521
-0.324312, 0.911154, 0.254207
-0.352256, -0.910644, -0.215973
-0.986071, -0.0940689, 0.137169
0.526112, -0.795425, -0.300841
0.203072, 0.186845, 0.961172
-0.363405, -0.0506119, -0.930255
0.496749, 0.168572, 0.851366
0.101635, 0.458182, -0.883029
0.966141, 0.216952, 0.139653
0.62955, -0.513309, 0.583251
0.993814, -0.090333, -0.0645995
-0.789753, -0.265324, 0.553076
-0.702717, 0.511246, -0.494789
-0.0958626, 0.464535, 0.880351
-0.336438, -0.16639, -0.926889
-0.242357, -0.805269, 0.541114
0.276894, -0.921702, 0.271653
0.322625, 0.352367, 0.878493
-0.00259963, 0.827771, -0.56106
0.731797, -0.631082, -0.25731
0.269459, 0.907508, 0.322212
0.238486, -0.282686, -0.929093
0.93986, -0.340476, 0.0272124
-0.912687, 0.181839, 0.365975
0.362248, -0.0935773, 0.927373
-0.735071, 0.290027, -0.612825
0.840148, 0.0139434, 0.542178
0.407964, -0.012535, -0.912912
-0.550197, -0.812781, -0.191498
-0.624014, -0.769708, -0.134745
0.388916, -0.567166, -0.725994
0.870533, -0.491717, -0.0196507
-0.597819, 0.776794, -0.198001
0.36422, -0.378555, -0.850905
-0.0100214, 0.311024, -0.950349
0.163401, 0.158221, -0.97379
-0.0392734, -0.994053, 0.101566
-0.121551, 0.357105, 0.926122
0.499321, -0.760943, -0.4143
0.78213, -0.478207, -0.399487
-0.777505, -0.502775, 0.37776
-0.0724301, 0.959235, 0.273169
-0.94547, 0.305273, -0.11356
0.13658, 0.918781, -0.370388
-0.721191, -0.434638, 0.53942
0.617674, 0.756758, 0.214003
0.302573, 0.211124, 0.929449
-0.317429, -0.938925, 0.132888
-0.977299, 0.0285338, -0.209934
-0.318775, -0.751792, -0.577228
-0.520078, 0.665381, 0.535525
-0.980993, 0.1604, 0.109203
-0.217991, -0.888884, 0.402946
0.682313, 0.193702, 0.704931
0.975572, -0.14674, 0.163486
0.85698, -0.0302935, 0.514459
0.20258, 0.0215966, 0.979028
-0.820735, -0.52257, 0.230901
-0.405296, -0.840664, -0.359194
0.510979, -0.81801, -0.26412
-0.572677, -0.819781, -0.000661002
-0.401119, 0.20573, -0.892625
-0.645097, -0.152125, -0.748804
-0.13982, 0.325109, -0.935283
0.629655, -0.682676, 0.370793
0.524396, -0.776851, 0.348586
0.161818, -0.559875, -0.812623
-0.815685, 0.468821, -0.338917
-0.910766, 0.328378, -0.250346
0.752094, -0.21028, 0.624609
-0.940499, 0.270432, -0.205739
0.48998, 0.740827, 0.459451
-0.453102, 0.223491, 0.862989
0.426255, -0.672838, 0.604645
0.265972, 0.948988, -0.169356
-0.175436, 0.947602, -0.266969
0.616245, -0.697198, -0.366275
0.249762, 0.264751, 0.931411
0.463906, 0.799153, -0.382291
-0.711531, -0.605734, 0.356104
0.997203, -0.0161122, -0.0729821
0.264809, 0.95502, 0.133467
-0.0923028, -0.824641, -0.558075
-0.0828256, -0.0842179, -0.992999
0.00610726, -0.718428, 0.695575
0.299655, -0.938776, 0.17002
0.0046374, 0.982372, -0.186881
-0.637743, -0.71166, -0.294661
-0.630218, -0.36317, -0.686246
0.45173, 0.82277, -0.344949
-0.392908, -0.521298, -0.757544
-0.518693, -0.838608, 0.166415
-0.818812, 0.558052, -0.134629
0.379841, 0.877136, -0.29386
-0.61604, 0.527588, -0.584932
-0.427052, 0.295399, 0.854615
0.672174, 0.32945, 0.663058
0.982618, 0.179663, -0.0467193
0.521387, -0.69845, -0.490227
0.986737, -0.145168, 0.0726367
-0.357834, -0.858572, 0.367163
-0.076288, 0.951478, 0.29811
0.435175, 0.819144, -0.373666
-0.340083, -0.0369086, 0.939671
-0.024748, -0.578413, 0.815368
-0.101644, 0.0569829, 0.993187
-0.440359, -0.379816, 0.813526
-0.261841, -0.543298, 0.797663
-0.408956, -0.90237, 0.135956
-0.863945, -0.275355, 0.421639
-0.973757, -0.0560584, 0.220577
0.79706, 0.500031, 0.33862
-0.790631, 0.276248, 0.546433
-0.836669, 0.510772, -0.197729
0.412441, 0.606199, 0.680011
0.615175, 0.763675, -0.19586
0.492967, -0.228462, -0.839517
0.50762, 0.773127, -0.38026
-0.349129, -0.525312, -0.775988
-0.956757, -0.201781, -0.209527
0.233985, 0.903423, 0.359275
0.35915, -0.786491, 0.502437
-0.216208, -0.941406, 0.258861
-0.271245, 0.358744, -0.893157
-0.276567, 0.329659, 0.902683
-0.464722, -0.191041, 0.864602
0.586711, -0.607399, -0.535571
0.57637, -0.146328, 0.803981
-0.788573, -0.607213, -0.0971898
-0.118398, -0.989351, -0.084652
0.700439, -0.712949, 0.0330005
0.66036, -0.701758, -0.267321
0.622336, 0.592464, -0.511551
-0.19221, -0.980743, -0.0346277
0.726627, 0.383533, -0.570014
-0.365843, 0.871952, -0.325359
0.277454, 0.331616, -0.901693
0.707358, 0.402139, -0.581316
0.813861, -0.580994, -0.00871874
-0.520675, -0.76545, 0.378131
0.160827, -0.950386, -0.266273
-0.446205, 0.78305, 0.433283
-0.266035, -0.392543, 0.880418
-0.714071, -0.548682, -0.4348
0.599884, 0.17958, -0.779673
0.452835, 0.560537, -0.693353
-0.479822, -0.607283, 0.633228
-0.910469, -0.411955, -0.036599
0.901092, 0.126623, -0.414729
-0.0260522, 0.00224292, -0.999658
-0.272134, 0.814464, -0.512436
0.94098, 0.337371, 0.027137
-0.127307, 0.321045, -0.938469
0.040672, -0.718578, 0.694256
0.580172, -0.383144, 0.71875
-0.967687, 0.234441, -0.0928402
0.695691, -0.0764186, 0.714265
0.920695, -0.285011, -0.266627
0.707957, -0.135634, -0.693109
-0.501073, 0.747228, -0.43655
-0.616349, -0.578726, 0.534032
-0.30578, -0.797546, 0.520018
-0.104861, -0.326425, 0.939389
0.521111, -0.852055, 0.0494568
-0.161567, -0.973127, -0.164071
0.27412, -0.957036, -0.0945539
0.0871754, -0.225259, 0.970391
0.650563, 0.446144, -0.614592
0.641538, 0.579005, 0.503173
0.93826, 0.302411, 0.167976
-0.0546881, 0.24303, 0.968476
0.32925, 0.849591, 0.412056
0.516153, 0.810093, -0.278091
-0.228175, -0.970983, 0.0716069
-0.999698, 0.0154624, -0.0191054
-0.251687, -0.332124, -0.909036
0.42191, 0.672887, -0.607631
0.719301, -0.044477, -0.693273
0.164246, -0.507042, 0.846127
-0.155557, -0.292137, -0.943641
0.270847, 0.462159, -0.844424
0.510077, -0.0320007, -0.859533
0.447201, 0.581438, 0.679662
-0.604645, -0.51546, 0.607211
0.434348, -0.729086, -0.528938
0.672195, 0.690385, -0.267437
-0.663483, 0.661905, -0.348816
-0.99366, -0.0167431, -0.11117
0.25719, -0.963353, 0.0761847
-0.970911, -0.20302, 0.126941
-0.942544, -0.223359, -0.248437
-0.761394, -0.255834, 0.595674
0.0833829, -0.778946, -0.621523
0.882161, 0.132679, 0.451871
-0.201134, -0.455833, 0.867042
0.645498, -0.0925606, 0.758133
0.431973, 0.861383, -0.267241
-0.453567, -0.858056, -0.240867
0.409986, 0.677028, 0.611183
-0.365903, -0.860757, -0.353854
0.716102, -0.551277, 0.428126
0.294517, -0.22725, -0.928233
0.16104, 0.713782, 0.681602
0.340066, -0.396869, -0.852555
0.52527, -0.304259, -0.794681
-0.227093, -0.597279, -0.769211
0.196326, -0.977338, -0.0791599
0.767631, -0.201144, 0.608509
-0.54971, -0.660507, -0.511419
0.761275, 0.629436, 0.155788
-0.948588, -0.183057, -0.258208
0.689991, -0.616546, 0.379188
0.184195, -0.972877, 0.139938
0.21166, -0.381453, 0.89983
0.289162, -0.363336, -0.885648
0.237958, -0.966483, 0.0963685
-0.48689, -0.0780934, -0.869965
-0.735762, -0.35648, 0.575827
-0.530699, -0.634419, -0.562024
0.249782, -0.952908, 0.171972
0.27444, -0.622639, -0.732805
-0.989931, 0.102139, -0.0980013
-0.601798, 0.0497663, -0.797096
0.981344, -0.184201, -0.0550829
-0.774791, -0.601618, -0.194305
0.184113, -0.96616, -0.180658
0.776435, 0.629823, 0.0217304
0.87473, -0.00598502, -0.484574
-0.849002, -0.528302, 0.00961925
-0.484817, -0.867951, 0.107766
0.874906, 0.263009, -0.406652
-0.808678, 0.274312, 0.520378
0.806724, 0.0756359, 0.586068
-0.000486331, 0.0723335, -0.99738
-0.055353, 0.791622, -0.608499
0.926637, 0.362334, 0.100286
-0.784134, -0.533917, 0.316333
-0.0381202, -0.173126, 0.984162
0.467389, -0.725512, -0.505153
-0.803994, 0.535463, -0.258597
0.48528, 0.00693202, 0.874331
0.626983, 0.457289, 0.630697
-0.828259, 0.424067, -0.36627
0.328357, -0.709371, 0.623679
0.170683, -0.733594, -0.657804
-0.998979, 0.0121861, 0.0434955
-0.0867087, 0.991518, -0.0968138
-0.919752, 0.225062, 0.321563
0.625626, -0.550783, 0.552477
-0.925481, -0.217387, -0.310207
-0.532159, -0.78882, -0.307521
-0.103339, -0.796138, -0.596226
0.630043, -0.776554, -0.00319959
-0.511702, -0.808515, 0.290629
0.647992, 0.644318, 0.406153
-0.232154, 0.439642, 0.867652
0.574284, -0.796396, 0.189605
