1877.13
2220.57
2766.68
1776.64
1921.59
2091.17
2495.08
2989.06
3475.98
3069.49
3345.58
3854.12
1789.93
2602.85
1385.33
3425.7
2414.98
2174.81
2019.36
2827.4
2361.13
1786.83
1913.01
2735.25
2404.15
1980.92
2742.46
2523.43
1346.24
3250.79
3022.31
1766.69
1523.87
2915.5
3637.81
3176.55
3267.15
2738.11
1945.21
3111.64
3337.08
2848.11
1375.88
1570.13
2152.03
3463.75
2089.28
951.934
2196.29
2088.01
3201.78
2032.91
2957.43
4050.15
2950.77
3518.96
3277.75
3864.76
2290.5
2044.96
1886.63
2040.51
2038.25
2506.65
2532.6
2542.91
4303.7
2476.84
2713.8
3498.67
1814.55
1919.95
3689.37
1531.71
1930.6
2865.42
1570.17
3265.96
2932.15
2815.95
2394.27
1942.74
1900.04
2746.17
3157.22
851.15
2160.64
3952.13
3013.89
3115.85
3932.09
1892.49
3177.91
3721.32
2871.3
1832.97
2263.84
3329.63
3839.52
2687.95
2605.21
3377.86
2210.28
2248.98
3692.98
2053.67
3610.65
1527.24
2017.59
1949.9
2177.58
4390.83
3128.97
3572.17
1996.04
3202.65
3432.83
2529.58
3806.09
2661.1
2445.64
2003.92
2030.61
1826.84
2478.02
1739.94
2506.75
2063.25
3335.37
1985.35
2219.73
3220.07
2538.66
1990.35
2327.86
2238.37
2207.21
2736.33
2101.19
3189.34
2199.28
2877.82
3906.03
2377.64
3540.85
1887.81
3313.04
3467.32
3094.53
3579.72
2094.34
2001.64
1993.2
2475.36
2816.17
1934.88
2509.91
1869.46
1956.42
2970.69
3178.84
2036.48
1789.61
3466.06
3698.75
2278.53
2904.73
495.979
1755.02
4168.7
2657.75
3372.81
1666.65
3301.03
2140.24
2399.51
1958.56
2045.14
3043.82
4198.37
3024.06
2754.5
1502.15
3379.09
2320.34
3499.65
4330.96
3747.21
2270.67
2251.68
2931.79
2820.31
3721.36
3702.92
2035.85
2012.45
2688.64
1978.39
2887.14
4348.34
2001.3
2082.97
4030.26
2266.85
1769.09
3284.49
1886.78
2764.36
3033.6
2244.69
2054.82
3125.08
2231.9
2528.29
1849.82
2607.48
2130.35
2272.92
3905.69
3489.13
1894.31
2921.14
2406.42
2321.71
3937.14
2150.72
2232.54
2022.98
2437.32
3291.48
2192.26
1820.41
4263.98
2465.29
2743.78
3393.65
3417.97
2087.82
2656.89
3206.06
2942.59
2808.69
3071.4
1687
2696.83
3265.12
3276.93
3336.44
3238.54
2942.19
1872.98
2658.22
3537.14
4124.36
3158.09
2700.98
2224.71
1836.77
4224.36
1782.19
1443.63
2022.41
2870.6
1738.13
2518.97
1747.83
3474.49
462.907
4181.38
3639.79
1901.22
2136.37
2900.98
1641.78
3321.62
1995.56
4120.73
2963.35
2650.68
2299.78
3016.54
3665.52
2635.71
3594.08
3002.64
3206.62
1753.44
1909.96
3938.75
3542
3910.89
2812.85
2447.46
1964.72
1942.79
1748.92
2574.66
2348.15
1321.04
2139.41
2290.61
1952.03
3682.81
3080.09
2347.45
4079
2145.16
3154.49
2132.58
3495.9
2399.68
2058.88
2245.77
2365.96
4142.28
2434.7
3066.38
1786.21
2486.79
2871.76
2338.08
2291.7
2329.19
864.802
4054.02
3991.62
1814.85
2861.93
2379.14
3443.44
2075.43
3587.17
2347.04
4152.8
2507.55
3770.04
2558.29
3142.43
2331.48
2902.42
3224.28
2282.47
2141.94
1941.47
2622.8
2267.91
2455.47
1989.16
3643.2
442.015
3776.35
2565.62
2115.57
3818.76
2912.87
3013.07
1521.36
2627.26
1965.42
2932.33
3595.94
2125.13
2037.39
2544.34
2877.24
3017.66
4126.86
3582.01
2739.1
4288.17
2355.44
3596.67
3579.86
2023.81
3057.78
3705.89
3070.26
2330.09
2288.94
1965.46
3959.77
2184.33
3818.58
1897.86
2566.36
3345.32
1633.85
2039.33
1373.71
2744.73
3212.83
3312.5
2599
3392.83
3028.95
3438.43
2814.47
1859.79
2239.07
2866.7
2043.59
3894.93
2131.78
1755.27
4019.07
2408.48
2156.45
2591.98
3072.93
579.141
2355.25
3388.78
3033.28
3075.82
2303.11
4482.65
3998.03
2334.35
2402.08
2547.88
1932.13
2382.55
3533.04
2848.12
3174.42
2845.71
3701.71
2463.75
2087.42
1880.16
1960.11
2547.69
3564.39
2533.77
3000.08
2911.85
2689.02
2216.16
4035.74
3320.84
2416.93
3766.56
3760.41
2891.58
3529.86
3569.46
2809.47
1894.31
3556.9
1988.76
4377.14
1636.41
1607.31
1254.51
2669.37
3230.91
2559.65
4135.57
3357.63
2444.42
2365.5
4365.52
2433.35
1955.5
3652.09
4280.18
4201.84
2298.56
2372.47
4487.43
2010.93
1484.36
2162.93
3376.28
3956.85
2609.25
2162.55
1673.32
1802.94
3968.24
3752.07
2245.5
2785.46
3236.04
3468.67
2338.83
2063.75
4082.86
3186.62
2639.8
1617.88
2350.77
3113.53
4163.07
3550.89
3012.53
1928.92
2216.54
3517
3431.28
2997.84
3970.11
3376.52
1961.04
3625.98
4066.55
2261.74
1670.89
2744.87
3806.59
3961.57
1911.12
2575.81
3377.46
1646.03
1666.38
2634.47
2489.31
2402.43
1934.24
3091.48
2165.6
2148.45
2965.16
3258.42
2092.43
4080.79
1291.11
2887.61
2472.48
3166.95
4334.58
2912.11
3411.94
2793.18
2109.7
2184.51
3560.93
2607.96
3287.33
2897.36
3468.2
3004.21
2303.61
2072.58
2887.8
3687.39
1656.27
1855.26
3581.89
3026.18
3485.95
2754.6
3038.94
2215
2163.98
1832.1
4177.69
4128.76
1113
3697.13
1610.68
1692.75
1886.18
2719.34
3685.28
3856.19
2489.62
2635.74
2394.07
3345.11
3279.62
2399.95
2030.31
1054.64
3064.17
3294.14
3988.09
3302.47
3229.29
3003.88
2410.6
3484.82
3412.61
2753.13
3220.83
3729.89
3629.92
1352.15
4337.23
2831.29
4356.79
2181.18
2631.03
2746.89
3968.75
3368.97
2753.03
3168.54
2901.59
2248.57
2577.72
4193.46
2089.63
4242.74
2197.91
2564.13
1972.91
3314.19
2401.35
2715.44
1904
2510.69
2906.8
2470.11
3144.66
3947.04
3484.94
2104.85
2060.21
2342
1818.48
3219.32
3388.66
3735.6
3199.26
2579.65
2363.92
3831.65
3339.28
2953.9
3852.71
2990.99
1781.14
3436.92
3562.72
1908.77
1857.09
4293.39
3832.65
3132.65
881.591
2018.34
2682.72
2685.75
2557.17
2295.23
4027.39
3919.61
2684.46
1510.08
4221.58
1663.88
2526.27
1943.43
3740.84
3909.81
3081.13
3825.94
4092.36
3052.77
2930.22
2895.94
2532.14
3418.11
3837.84
3146.25
3360.76
1877.93
3028.03
3550.2
3222.79
2010.16
1542.66
2693.19
2104.64
4167.88
3292.42
3438.75
1684.45
3453.74
1911.89
1989.06
3532.79
1259.49
4019.88
2810.4
2934.39
2840.44
2168.48
3109.78
2256.37
3869.34
1751.18
3712.31
3398.98
2124.57
2755.22
2990.05
2418.94
3468.32
3860.29
3435.38
4040.58
4256.49
2511.07
2009.8
4104.09
1646.13
2634.71
2898.01
2059.98
3141.08
3608.08
3133.23
2184.74
1998.09
2492.28
1198.56
2954.3
3248.77
2197.77
3505.85
3333.13
2268.52
3935.06
2485.71
3230.71
4269.45
4245.43
3932.17
3223.14
3295.48
2398.27
2033.87
1974.48
1752.52
2811.37
1941.31
3733.39
1933.67
2551.64
1775.9
2529.36
2907.47
3212.45
1826.33
3343.37
3867.27
3143.63
4017.36
2437.84
3427.68
3762
3635.02
3532.79
3524.28
3196.84
2242.67
2460.49
2506.38
3801.23
2831.59
2486.85
2996.21
1733.18
1894.03
2390.93
2097.31
2766.04
2044.82
1996.67
3178.47
2396.48
3680.89
2510.43
1661.66
2303.29
4135.09
3789.84
2947.69
3690.49
3101.59
1993.98
2392.3
3488.82
2708.04
2687.3
2843.99
2269.39
3049.23
2633.78
1854.79
3623.24
1866.55
2974.56
3508.73
4112.53
1874.29
2920.19
1830.75
3748.93
2945.52
2427.53
4022.64
3180.71
4177.73
3092.08
2240.08
32.7519
3626.75
1966.77
2173.06
3822.15
2832.8
3324.62
2062.45
1843.75
2336.65
4154.13
1526.11
1813.34
3629.36
901.239
3701.64
2696.88
2314.83
2638.71
3895.01
3799.07
2341.22
2674.02
2719.01
2600.67
2790.53
1998.77
3634.35
2280.39
3934.49
2402.75
3910.78
2059.86
2123.75
2495.67
1612.34
2093.88
3739.91
2040.79
2538.08
3883.83
2387.51
3688.02
1723.02
2550.37
2569.56
2615.81
458.25
4018
2588.27
3092.22
2968.99
2058.53
2309.76
1924.49
4177.92
2305.77
1985.46
3359.2
3507.73
3134.4
1734.59
3053.13
2775.33
2842.14
3223.89
2141.7
1992.67
3610.39
2854.18
3207.47
1782.77
3874.09
2482.81
2860.31
4051.91
2983.88
1835.81
1787.25
4159.84
4011.01
2400.78
3102.3
3328.11
1164.09
1857.47
2478.61
2932.57
2611.85
3303.33
2088.44
1487.52
2405.38
3017.09
2562.28
1390.35
2914.41
2189.3
3994.63
2249.72
3353.2
2513.39
2199.16
3226.81
2484.98
3245.78
3931.22
3676.55
1825.83
2088.1
2057.88
2429.73
2090.78
3043.23
3046.24
2965.23
2313.31
2622.75
3190.93
472.565
1852.92
3421.9
2470.93
3316.47
1992.08
1897.95
2321.84
2167.06
3918.25
2210.41
2048
2662.4
3705.51
3090.13
3523.84
2304.35
2083.19
2238.72
3025.54
3553.6
4114.84
3062.31
1570.98
3501.26
1829.52
1638.33
1075.34
4326.5
2025.11
3558.29
2739.71
2123.69
2902.99
2676.79
3529.36
3864.55
2375.95
2705.06
1735.34
2707.82
2489.86
2030.88
2321.95
1865.66
1720.12
3435.71
2126.52
2063.72
3776.73
3045.18
3378.9
4385.04
3785.89
2231.24
4063.32
2837.46
3923.03
3348.99
2962.08
1826.82
3942.93
2737.19
2699.86
3839.71
3901.93
2073.12
1661.37
1948.65
3415
3602.14
1802.18
