64.8871
57.5086
36.3495
25.4919
27.0014
32.8979
26.1588
30.2972
37.3362
33.3337
27.441
34.6253
37.7934
50.9881
27.535
28.3255
26.8937
39.62
26.716
26.8668
33.4218
13.2929
58.8238
36.4725
45.2698
40.2219
52.9039
31.326
9.02799
52.5402
26.2903
30.8253
34.9557
28.1421
35.7942
27.0017
29.701
49.1898
26.2897
161.382
60.49
36.8699
15.8995
25.0173
29.0951
32.0849
25.7006
9.94393
27.3712
91.5933
77.8223
26.3941
29.0878
30.3857
78.0386
28.4393
41.721
78.6283
28.2438
26.9225
34.1511
38.116
26.7149
34.5269
42.6375
111.692
138.486
35.156
29.1614
38.723
11.7916
26.1588
53.0665
21.0693
50.5489
31.6038
25.3202
54.8886
27.9229
30.0134
82.4485
36.9631
29.9588
32.402
27.251
26.8291
39.8572
28.492
45.8182
62.9206
29.1423
62.4168
34.6915
28.4262
152.705
95.6863
28.0611
26.7468
32.0499
43.4884
33.4385
35.7921
24.8441
84.6582
30.269
34.2697
28.0089
26.8951
28.7271
27.4633
47.8247
28.8499
54.5232
32.9317
27.969
57.0846
46.9442
58.5282
30.2001
31.871
28.8072
34.7015
35.8828
32.7941
40.6628
39.0733
86.4328
39.5079
41.6359
27.4981
27.6102
28.8192
32.942
28.2836
51.4336
35.0762
26.245
28.897
31.2574
51.0895
27.7404
40.2204
31.8618
29.8488
51.79
32.2797
35.7769
53.0332
36.2763
43.9193
41.2437
29.1108
29.53
40.0321
34.7525
49.3635
27.0714
26.9519
57.4981
53.6046
47.0418
139.611
90.3264
33.5816
32.146
36.1441
28.1299
6.51613
32.7512
75.8327
36.7373
34.6583
40.4014
33.0923
46.074
28.8201
28.6267
40.9183
27.7429
66.1252
31.3209
36.048
26.342
45.9936
31.6963
40.0037
41.1207
30.6538
68.0251
71.2257
32.1387
62.8411
28.9924
44.5928
23.8637
34.2759
34.8378
44.3049
37.8063
31.6855
44.3614
61.4072
54.1978
27.9224
94.9771
31.1142
53.406
39.8103
96.0621
31.9426
42.6282
50.3491
44.1285
31.7997
47.6477
85.9578
52.2878
37.0473
211.266
33.425
20.5097
37.2411
30.4607
31.1626
28.1757
28.4503
36.979
34.3803
52.321
67.949
47.6138
30.8119
32.0237
31.316
59.8371
27.9255
29.3635
27.3052
46.315
98.8679
32.8317
31.2314
41.8392
32.3247
29.3029
28.6705
29.7104
37.6948
28.7417
23.1277
108.015
44.3468
42.3315
32.2526
35.3787
61.5593
37.0058
45.4166
29.2385
54.9649
22.9943
62.9997
28.2408
34.8249
36.2481
58.5331
43.0029
25.7063
28.2811
29.2317
41.4382
23.7222
28.8057
56.0494
47.6064
37.6202
63.2351
48.4831
74.4837
46.7252
27.2989
54.8852
29.6374
52.3289
28.1086
35.4328
27.7935
34.223
42.5326
28.1845
28.0585
33.958
27.0493
37.0395
42.326
159.437
35.0944
99.1421
18.3542
29.1561
26.7291
26.7259
32.7812
36.6857
31.7869
30.6613
25.4745
27.235
48.824
52.8232
31.8208
67.9465
44.9427
29.0742
30.9601
28.8953
31.7352
25.8247
27.7605
33.7645
27.5213
33.3251
36.206
11.3034
30.1571
38.3001
50.0051
28.5204
15.6462
59.4815
29.0086
59.725
27.285
39.1602
47.2362
49.8982
28.7985
28.8939
27.0678
49.1376
32.3318
35.5101
14.8587
33.2082
26.1282
37.2358
57.3592
28.7369
30.0209
6.58783
31.6772
45.5973
26.9828
42.2807
30.686
100.221
22.7852
28.3998
31.3434
28.8761
75.3518
28.0972
30.9058
29.8725
86.3495
39.5946
34.5117
35.5116
35.3359
31.3794
34.808
28.7204
30.5331
27.3223
27.1013
32.5511
26.6614
49.3029
26.8692
25.0379
37.1166
24.762
33.1311
27.3542
44.3162
31.7477
22.6202
27.5112
27.8736
29.7139
27.8277
61.5667
30.7279
39.9225
27.3921
28.6102
39.2665
38.6243
48.76
29.1343
33.7628
24.6468
15.0429
86.278
43.7988
28.2226
52.2744
31.8102
48.881
4.3854
32.7384
66.2121
228.564
32.2399
29.0403
29.23
63.2713
28.0984
34.6352
27.6183
31.92
25.4204
27.3832
44.0197
33.353
52.3614
32.3153
35.2629
27.4044
48.7149
40.6932
58.7988
31.251
26.6844
27.7813
37.9863
30.4862
26.0318
28.4529
26.9522
30.8862
37.7116
36.7386
69.2784
41.1453
167.224
28.2346
31.6647
30.8327
28.7439
34.508
118.585
27.1651
17.469
46.6735
52.5905
79.2409
30.6115
36.3728
28.3262
26.9024
41.6289
26.0353
29.5238
38.0581
30.8771
57.0339
54.0542
31.622
35.7307
23.9994
21.0686
87.9125
51.0359
28.4033
31.3256
47.7954
28.4636
26.5082
44.9376
27.1691
64.1411
34.6166
82.7946
28.4657
29.7317
26.6347
62.0607
39.816
51.2562
25.0861
27.1545
36.8828
30.4689
38.7329
35.4218
52.6485
92.1101
34.419
43.5911
27.3075
59.1548
31.0396
136.723
38.5582
28.8183
28.3904
34.8743
42.1346
36.1175
66.3725
25.7769
27.2998
51.1915
33.941
60.0102
38.4907
42.7751
83.2864
63.0962
50.8911
37.4283
31.9554
26.1087
33.6612
35.3851
71.6162
58.8096
27.2284
27.5131
109.517
28.9758
60.966
40.2839
104.503
29.111
29.5665
142.984
48.0318
29.8258
26.9638
27.7724
63.9067
27.254
92.425
29.553
66.8781
21.8905
26.1837
44.9263
29.1885
67.9128
46.9911
35.8108
67.1663
23.8192
34.2806
31.122
66.7586
14.3735
28.5844
10.8263
27.7955
29.5303
32.6767
42.2901
33.1094
34.4804
38.1173
26.5671
36.2532
28.5797
25.9112
70.9187
53.5542
32.3225
42.1382
45.2717
56.0173
41.2921
26.9641
53.8755
29.8594
47.3709
50.9015
36.5176
36.5392
33.3678
95.7851
28.1227
27.7037
35.2421
34.219
48.6701
25.5026
48.5744
33.0358
59.4594
162.616
37.269
26.7833
138.225
70.5392
137.779
27.2214
26.7772
34.5088
46.5975
27.5152
30.2553
48.3758
31.7095
35.7614
37.4166
32.1769
125.292
40.1671
31.5853
43.6283
53.5876
61.8883
25.7657
81.0757
28.8889
45.9091
27.732
62.4001
30.0344
29.5286
70.1366
31.3896
43.0165
31.3621
51.4798
30.5582
39.4884
25.9518
52.116
75.2872
49.0365
33.5825
38.2547
48.4757
55.1923
46.227
161.755
33.8817
33.5032
28.2118
38.9675
52.6392
31.8867
26.5295
31.2316
32.7911
30.0117
40.0762
35.1757
40.6609
31.4321
35.9275
28.2845
44.9217
26.694
131.895
28.4717
32.8955
54.0006
31.0238
33.7603
35.9436
28.5738
45.1531
81.4618
46.932
44.1719
36.9751
38.3653
149.593
37.9502
37.077
48.2319
27.8466
29.2082
33.1399
119.543
52.9404
33.8796
35.1197
41.9296
46.7909
26.6962
82.2231
40.2414
30.677
27.8658
31.0757
44.2236
38.0957
31.2253
44.3293
50.0202
45.6915
35.5359
31.7856
27.6469
30.7469
125.664
77.1582
51.8053
21.5909
27.9828
39.2868
28.6579
27.3027
36.698
38.9066
35.4558
56.8559
40.2702
48.6237
63.2282
57.7275
37.1421
26.7551
32.0494
78.2223
27.8173
28.1798
34.3086
48.1089
28.8496
32.5721
28.3271
32.4042
24.927
77.7648
28.1758
54.2728
27.6724
32.2211
25.9175
18.767
29.9162
40.919
41.2436
30.8785
27.4908
41.1429
29.2654
35.4193
159.776
26.8911
32.3192
32.59
72.6891
40.7075
27.1078
44.7148
28.4068
27.7818
33.541
35.4914
26.6166
28.647
41.2405
27.4288
86.8547
46.3158
35.7068
28.1424
66.2513
47.5943
27.456
34.7525
38.185
25.5006
27.25
37.2911
38.082
27.6505
30.0626
200.204
32.3037
37.646
34.128
75.5739
99.5362
41.3044
24.4119
37.7547
41.0016
44.4654
26.6293
28.878
31.9049
45.9592
31.81
41.9076
28.3858
44.4083
30.8446
25.1652
85.1227
36.0364
56.9214
38.1804
28.9822
26.5752
0
28.5407
55.311
43.7126
27.6356
55.2167
27.7832
65.5424
25.9551
26.171
28.2424
15.1402
17.4765
62.2671
28.8213
53.7821
27.4964
25.0298
26.3746
40.5928
26.2218
34.8018
32.5498
17.7746
27.1321
63.8757
89.9792
40.5593
45.0008
32.5487
63.2066
79.0193
51.285
92.1605
27.8929
31.5492
29.4229
33.5815
27.3825
30.5647
41.3485
49.9848
33.8318
65.3034
40.602
28.7288
46.69
29.7737
42.5539
30.0461
28.3393
44.2882
30.1091
41.0344
35.4547
56.8144
29.6415
37.8114
28.8439
42.1919
27.8978
97.986
37.7471
41.8628
33.4284
26.0662
20.9945
32.9394
42.7805
31.097
30.6471
107.613
48.4929
30.4011
35.7182
28.4123
31.4559
89.1068
34.5947
43.901
47.8676
102.527
29.6991
45.2276
38.6322
96.1133
28.158
28.1858
31.7407
41.8886
25.1105
50.5547
46.8185
39.3683
31.2982
25.711
28.0208
35.8741
67.2265
39.332
28.4387
40.8807
62.0871
194.074
26.6177
35.9117
29.5058
28.6569
31.2554
29.651
41.6366
55.3585
30.8645
31.8798
28.8293
50.6243
35.4718
43.8025
47.4378
23.1128
53.0729
133.265
53.7484
62.8378
93.7229
41.029
28.2834
31.3177
28.1829
39.3819
30.1564
44.0954
32.6931
36.6307
33.4416
39.6076
27.7007
31.446
33.5151
53.4174
39.9406
27.1453
24.2615
29.3869
33.6037
29.0001
14.4656
43.7335
47.7083
45.6802
26.9663
64.1065
37.3217
34.4398
30.4098
150.478
31.4708
41.9001
71.5553
25.9986
50.582
76.1695
48.409
38.5939
49.0165
35.7765
34.8369
30.7615
36.2802
56.9878
39.231
30.6383
29.014
39.7976
35.05
34.8573
41.3499
79.0167
37.7069
139.485
35.5244
29.8164
33.2878
45.7604
45.1431
42.082
24.8882
30.4358
28.9261
28.2415
26.3414
