43.5686
72.7479
40.232
35.474
26.4824
33.0847
27.0416
31.7207
40.995
32.5585
28.8099
68.7545
52.3616
31.4833
45.5841
28.0948
49.9404
37.0309
28.4902
27.3694
162.763
11.0884
34.7684
40.1903
46.5457
33.2602
31.4601
28.7886
13.2366
41.6407
38.5807
29.3606
23.2585
28.0322
48.2254
26.8408
33.1275
40.0282
26.9768
34.8255
91.2242
28.2706
16.177
69.8147
38.0972
53.6261
26.0884
8.57807
27.9624
119.132
47.1027
25.7624
38.9046
31.6646
80.4339
27.8877
34.9609
42.8834
44.5054
28.0491
28.1615
44.7128
26.733
28.8669
36.2304
35.7055
136.961
32.8269
24.2283
36.8701
14.3865
26.0312
36.0505
45.0326
29.1675
43.371
40.8412
52.3498
30.8008
33.0099
46.4839
36.3897
29.0326
26.1307
27.2121
13.8814
29.6574
28.4488
60.4356
51.0015
29.2823
46.0479
35.5261
28.726
30.7413
63.4934
28.3864
40.5732
27.2606
39.6982
55.1209
26.769
26.6871
87.9527
32.5219
36.1888
28.5489
25.2244
42.7335
27.5752
124.176
35.1747
27.1967
30.3291
30.6269
43.2336
28.8604
60.8351
31.3897
36.984
28.8238
40.2522
28.0265
51.992
38.6495
45.3437
28.6828
28.6038
46.8129
29.8943
33.2859
29.5491
72.216
27.7784
36.5542
57.8397
26.2387
26.0971
28.3288
42.1888
29.832
36.5088
55.3092
53.1519
118.512
30.4107
29.0857
42.9791
51.3257
39.538
38.353
30.104
28.3478
52.8617
32.2451
66.6144
39.5301
27.47
44.1736
34.8861
120.266
60.5259
28.9213
33.0399
43.366
30.0122
29.0755
6.51077
72.5118
33.4349
62.526
34.26
39.9049
37.3164
35.5394
48.0722
34.173
39.0691
32.3141
180.607
33.8842
26.5482
28.2337
57.3673
42.3535
139.645
34.1196
31.0625
80.1602
58.0198
40.2278
49.9326
36.6157
50.5548
26.3981
32.3562
48.1614
57.1053
35.2293
30.1941
40.6237
38.0956
29.3341
28.2455
29.9386
35.3604
35.2305
38.2642
47.9339
80.197
40.0119
27.6409
34.9077
58.8523
21.8737
43.4668
60.8433
49.7494
29.1684
28.1966
24.9812
38.7818
31.105
47.9129
30.9129
27.9435
29.0572
88.9209
32.8988
35.2006
85.5698
29.9513
36.686
28.4279
131.447
33.7631
47.6254
27.7193
68.2837
127.999
31.0316
139.74
56.9283
44.0384
28.3832
27.0025
30.6161
36.2525
28.4166
25.182
38.787
83.4358
56.9397
31.1593
31.9406
34.1462
30.024
37.0461
29.3895
88.3827
18.8351
88.0433
29.8616
41.6824
34.3065
67.228
68.1157
11.7027
34.7856
49.9951
38.608
24.7393
28.06
38.5986
59.2523
25.8971
27.8443
33.6284
132.148
29.0171
27.3145
30.6209
29.9012
39.8739
23.8649
32.452
39.4844
35.7141
34.6578
28.0975
31.0324
37.8962
37.5453
28.7524
32.7043
69.0448
99.3266
35.029
93.462
41.0859
27.4232
26.9712
42.5625
41.0083
34.9091
27.8796
26.7489
48.6046
69.5904
102.16
33.9517
35.0638
33.7589
31.1057
29.5745
34.4225
30.4758
26.9575
36.0891
35.3803
31.9829
31.812
34.8168
11.186
28.9035
33.1973
26.4115
28.3834
23.7018
53.4991
26.5334
48.8485
37.5212
54.0074
74.4235
42.8344
24.7608
44.252
15.0215
143.493
39.2226
29.0546
15.7592
48.425
25.6319
40.4931
35.0327
31.3491
40.4651
12.0898
37.5657
53.9884
72.3687
36.1039
33.9586
172.518
29.3688
28.4604
27.6402
28.6392
120.988
27.5094
81.29
27.8766
43.8533
73.6296
27.5363
34.374
33.6741
45.738
46.9988
49.6297
33.5054
30.1268
27.6044
27.4802
34.5068
167.307
22.4691
25.2808
43.384
27.6895
116.017
27.2651
27.5264
41.4929
26.2397
27.1588
12.5652
34.4145
33.8164
181.188
35.8214
33.1378
114.709
36.1735
43.1597
57.549
132.278
27.105
27.9901
24.876
26.1932
151.982
33.8417
28.1788
43.3736
46.4576
47.8473
4.64847
38.0346
61.5319
49.8371
30.7325
56.5171
29.2903
56.5591
27.7064
42.4519
27.3242
36.2154
48.5871
26.7502
37.7674
30.208
35.2169
66.7266
121.524
27.5332
66.6854
29.5613
41.6966
28.1584
26.5201
28.2491
34.5525
33.6677
31.4164
33.5356
27.2932
35.3543
44.7932
34.5085
46.5916
73.857
52.6906
28.5449
89.7338
59.2414
28.5162
40.3795
59.4532
22.6577
20.7583
27.1083
129.381
59.6882
28.5943
55.3599
28.2313
27.5376
57.196
26.9465
30.1773
45.0922
28.1893
47.8827
47.505
27.4935
44.2652
30.5503
27.003
40.7175
38.3965
28.4607
51.9688
58.1801
73.3258
25.9758
52.5237
36.815
60.1787
39.7803
53.6273
40.6295
50.886
28.5087
34.9171
42.7387
52.7814
19.9594
27.8666
39.6203
28.5975
38.7338
47.1374
49.7258
109.455
33.9568
39.1905
38.4301
30.0742
27.6967
40.8329
29.6452
30.1172
83.0965
39.1127
29.3054
87.9277
46.3721
26.474
30.4843
66.7568
41.3306
28.8126
35.2595
32.8202
55.4434
35.8274
34.355
41.0978
27.6038
45.5738
40.1002
33.1119
54.3101
29.1218
29.0653
31.9677
136.852
31.122
44.5621
57.5385
57.5917
32.4108
30.6687
68.4981
91.622
36.3721
28.4874
27.3602
60.1677
30.1086
152.361
45.3067
57.367
22.7159
32.3418
61.6628
32.3926
58.4058
42.0269
38.9843
34.3696
31.345
31.9302
36.5219
32.9877
22.5546
28.4193
12.9691
27.5337
53.0499
28.7433
88.403
31.3605
32.2839
47.1783
29.4109
28.1221
31.6172
34.5789
36.3412
82.4067
51.1189
35.0001
56.395
131.17
39.2897
29.4328
32.7346
101.352
95.6916
47.9813
38.8289
32.3161
80.3635
34.267
33.6509
54.4975
30.6381
27.6973
92.0194
27.8688
57.189
31.1455
37.9406
29.1126
43.467
40.439
39.4812
32.154
67.4895
29.4676
26.975
33.4622
31.7685
31.8458
38.4519
30.5495
101.215
39.2266
39.5271
39.6804
37.9404
28.491
106.695
46.7272
62.7114
29.2418
29.001
33.1294
31.2709
57.3582
29.9622
127.398
38.7133
36.927
31.2992
36.194
36.369
32.4008
35.2225
35.6649
76.4082
26.2995
44.8404
34.9851
55.1559
36.563
21.5944
37.7076
218.228
29.5391
212.059
33.1092
40.8704
28.0853
34.0343
29.4297
31.4304
39.356
30.9784
36.5345
38.5932
32.2246
32.6226
39.4144
31.3547
46.4664
28.4686
29.9215
51.1004
108.135
68.2137
33.1948
28.2834
93.6765
46.3632
33.1293
78.9254
28.2801
109.544
31.2677
33.8207
33.804
41.4869
61.9986
28.2093
43.1355
46.953
25.077
52.3918
22.7485
36.0317
165.437
94.5679
109.543
31.6814
53.5009
27.1442
54.0071
45.6572
29.6737
28.507
53.683
27.0867
29.2877
60.6797
51.5277
37.7814
43.3175
40.3125
35.9453
46.1226
28.3325
76.11
120.058
34.023
32.761
30.9806
46.0809
30.3439
28.5602
32.3769
41.2038
52.6564
19.2503
63.5869
42.4297
40.2098
70.6232
76.0545
35.0199
32.5954
34.1637
28.0254
28.8773
39.0894
94.3385
28.9387
34.5363
59.1242
23.922
39.8271
31.3168
33.9574
44.9806
28.3723
89.8227
38.2056
14.6677
66.5848
36.914
120.788
26.3087
34.0172
35.5245
31.337
33.736
198.31
37.3002
38.1536
27.1873
53.4204
30.1643
29.028
42.8644
44.592
32.6208
32.0631
43.9656
27.0192
28.0077
107.63
29.6909
45.6095
59.5479
40.3602
28.742
83.6292
58.2789
27.5307
31.4497
29.7734
18.0366
27.585
34.844
64.572
30.4024
31.8656
28.4999
40.3738
68.3104
34.151
36.1868
34.4003
49.7774
24.496
90.1026
139.539
38.734
27.3086
41.9155
59.3687
49.6539
28.93
47.7703
28.2072
59.5635
37.0744
26.459
54.2092
33.567
67.0035
28.6008
56.1365
38.885
0.279852
33.014
54.6118
29.5284
93.3744
35.5516
28.3045
47.1557
26.4485
66.6464
28.5712
15.9809
12.0567
30.3645
56.0707
39.5776
36.565
25.2062
28.824
40.703
30.8004
29.4844
30.0024
17.647
27.7343
89.4544
62.4698
40.7768
66.3981
31.8745
74.4739
51.4414
37.6443
172.78
29.982
37.6532
37.2496
31.6874
26.7474
31.3831
48.5912
30.915
42.6517
81.0259
54.1177
43.2877
48.4673
18.4089
31.1927
100.563
30.186
30.8551
27.2953
87.1632
28.3707
32.1474
54.2617
37.8541
29.2234
42.6043
35.2523
64.3417
35.8904
39.7025
140.461
35.6866
13.7224
72.6575
45.456
35.8723
41.5248
46.8702
110.722
30.1438
34.0009
34.7908
29.024
38.5259
27.1981
32.9163
35.2182
50.2137
43.9728
48.7514
16.5995
62.9147
28.4112
36.6978
28.5183
44.5795
25.1715
32.1616
52.0045
27.5023
33.6781
23.2957
28.8741
29.9504
33.4695
34.289
32.557
29.0823
51.4456
28.7843
27.9936
53.2748
41.327
28.5854
97.1188
25.9421
33.697
50.9537
29.1805
33.4259
28.4663
49.4521
30.7862
28.3008
99.9471
5.31105
105.695
29.1294
35.0187
88.8929
59.2484
38.0327
28.5096
34.0066
32.0974
49.8205
29.712
44.0604
43.7794
37.9873
29.9555
28.9402
32.8328
34.6644
37.9334
58.5406
51.7162
26.8697
37.2237
34.5406
37.0051
35.5377
14.5992
29.2279
31.503
34.0537
32.6729
36.9523
38.9393
96.9781
28.103
81.2085
30.661
39.265
100.425
41.4866
138.204
42.0386
46.955
27.1891
32.9427
44.1502
54.3647
25.4533
32.6819
78.8299
69.4332
28.4969
77.6093
67.611
29.1901
34.0949
36.453
44.3367
40.9483
73.7183
89.8428
38.9273
33.6411
42.2671
28.7764
49.1149
90.8453
44.8994
29.1942
28.1713
45.1153
