1771.88
2131.48
2658.59
1711.79
1887.62
1840.03
2346.85
2811.09
3251.08
2991.99
3145.04
3852.3
1711.67
2349.93
1242.64
3177.96
2276.55
2116.15
1779.89
2712.03
2315.44
1624.95
1767.01
2617.88
2211.06
1857.53
2590.01
2277.23
0.000133874
3124.99
2969.35
1788.74
1973.44
2780.83
3513.04
3067.48
3031.84
2520.49
1831.48
2784.4
3127.67
2722.74
1337.4
1662.84
2036.79
3430.55
2252.57
1049.41
2142.39
1882.83
2902.91
2052.06
2842.58
3798.3
2849.84
3466.32
3093.33
3641.33
2204.3
1953.97
1748.98
1980.62
2019.37
2437.79
2392.92
2210.14
3959.29
2428.03
2640.07
3259.18
1610.74
1840.2
3572.63
1459.73
1723.79
2667.47
1462.1
3145.81
2915.82
2749.94
2352.34
1794.46
1785.08
2498.78
3035.9
1364.55
1991.59
3840.93
2946.46
2967.5
3693.72
1647.82
3103.9
3514.79
2497.56
1593.63
2163.83
3187.49
3700.5
2535.08
2559.73
3255.1
2107.09
2096.43
3426.08
1901.61
3411.24
1396.94
1978.21
1914.97
2054.49
4175.39
2927.04
3279.97
1916.61
2961.09
3153.85
2443.89
3658.29
2425.82
2273.45
1879.37
1890.99
1748.55
2124.61
1660.07
2293.59
1956.64
3143.21
1875.3
2089.98
3098.93
2473.73
1988.05
2215
1995.57
2038.27
2493.5
1973.77
2945.92
2133.11
2884.54
3898.8
2192
3386.27
1713.82
3140.84
3130.02
2949.72
3209.83
1904.82
1843.73
1804.11
2364.19
2644.5
1862.12
2428.88
1824.02
1980.11
2731.49
3012.51
2160.21
1628.43
3237.91
3554.28
1994.22
2815.71
121.624
1591.74
3912.76
2499.15
3204.48
1532.45
3254.29
2032.07
2195.74
1828.35
1897.96
2851.87
4071.66
2905.84
2655.99
1490.14
3238.77
2156.02
3334.27
4114.86
3532.1
2287.69
2150.26
2749.13
2549.08
3665.87
3576.14
2081.31
1930.65
2647.39
1882.99
2741.22
3986.74
2044.86
1905.26
3832.15
2236.06
2277.49
3117.52
1722.78
2657.46
2849.38
2115.11
2067.34
2877.96
2078.78
2436.49
2179.54
2486.83
2026.37
2182.02
3680.19
3234.93
1753.87
2681.62
2254.22
2265.54
3667.83
2055.74
2131.44
2039.63
2126.6
3060.64
2196.17
1549.57
4065.97
2371.73
2678.41
3220.56
3410.24
2029.79
2370.51
2948.22
2734.15
2766.38
3066.8
1688.29
2433.07
3370.74
3110.42
3177.64
3054.99
2873.35
1552.85
2601.59
3483.68
3864.22
2875.19
2524.67
2138.85
1897.15
3962.65
1505.34
1676.26
2015.2
2796.04
1582.32
2431.79
1613.89
3389.77
1087.18
3935.11
3488.87
1800.75
1960.03
2890.53
1367.77
3108.15
1827.75
3764.08
2790.8
2528.97
2292.7
2787.68
3358.07
2547.83
3490.97
3396.21
3076.4
1577.16
1844.55
3574.21
3372.69
3661.96
2631.65
2381.31
1822.28
1798.82
1616.8
2780.69
2073.24
1249.21
2108.76
2032.21
1837.52
3556.64
3059.08
2316.19
3896.19
1915.18
3131.03
1984.45
3396.14
2135.04
1813.42
2048.99
2272.54
3911.66
2370.86
2827.75
1750.48
2400.08
2782.64
2206
2257.6
2226.55
837.139
3750.49
3810.22
2271.98
2710.05
2295.35
3273.74
2000.85
3272.36
2212.67
3914.2
2378.61
3640.2
2859.61
3171.8
2143
2677.58
3175.92
2228.3
1948.36
1972.35
2590.44
2163.72
2313.74
1882.83
3559.23
461.079
3703.71
2533.75
2094.74
3571.48
2701.51
2848.19
1406.12
2492.01
1873.09
2846.88
3303.15
2022.45
2020.08
2490.08
2672.92
2814.78
3925.88
3532.74
2373.98
4056.55
2239.51
3457.59
3331.83
1923.81
2855.47
3548.32
3019.23
2168.59
2621.9
1852.64
3692.48
2014.93
3749.63
1806.58
2378.15
3150.13
1435.88
1871.11
2938.93
2622.81
3151.39
3140.33
2551.7
3333.02
2741.96
3466.81
2617.19
1742.74
2050.34
2707.9
1882.94
3597.31
1070.29
1569.52
3871.05
2398.82
1952.25
2532.95
2819.45
510.672
2165.19
3232.41
2967.99
2977.32
2331.87
4277.23
3715.13
2223.39
2196.62
2461.26
1786.82
2129.36
3582.59
2690.32
2704.02
2694.63
3689.13
2427.56
2023.8
1705.1
1881.19
2360.67
3436.27
2426.2
2789.97
2715.94
2568.07
2131
3992.18
3150.9
2310.8
3569.95
3504.03
2693.82
3172.48
3519.07
2695.16
1945.52
3430.21
1843.08
3990.7
1350.03
2208.85
1081.1
2363.48
3163.46
2396.12
3942.17
3332.73
2372.86
2210.39
4060.93
2466.93
1998.95
3465.16
3918.96
3911.89
2262.53
2912.87
4326.13
1963.42
1423.74
2008.09
3271.03
3729.3
2448.79
2082.31
1531.29
1728.8
3691.23
3602.77
2055.58
2630.13
3113.51
3369.8
2246.67
1979.93
3833.12
3016.43
2439.78
2050.39
2210.92
3107.49
3817.52
3338.55
2965.5
1799.92
2030.14
3083.23
3257.05
2813.67
3583.96
3169.74
1727.9
3372.52
3690.42
2231.8
1391.79
2529.35
3631.26
3716.93
1882.41
2450.65
3192.2
972.42
1412.1
2495.93
2370.87
2221.3
1744.4
2827.91
2039.59
2080.85
2859.13
3074.49
2174.56
3843.63
2248.3
2780.64
2289.6
3088.07
4133.49
2814.18
3194.96
2575.83
2068.55
2122.02
3281.61
2580.57
3045.05
2827.54
3393.87
2909.58
2133.97
1867.32
2875.35
3346.88
1521.94
1787.6
3336.61
3022.55
3420.34
2552.83
2977.43
1855.23
1961.61
2155.55
3991.5
3710.13
846.393
3532.56
1548.08
1668.61
1956.85
2664.24
3684.37
3666.39
2491.56
2349.04
2235.29
3226.87
3145.85
2367.59
2052.91
575.208
2990.07
3089.41
3760.11
3200.25
3141.97
2758.32
2229.36
3309.7
3231.55
2513.81
3003.42
3421.63
3438.28
1046.74
4077.81
2831.82
4153.16
2082.63
2475.73
2623.32
3805.9
3200.32
2616.6
3011.07
2828.92
2141.8
2348.15
3890
2138.01
3966.19
2165.47
2479.22
1631.58
3201.26
2279.78
2402.89
1805.67
2412.65
2891.69
2338.02
2914.86
3732.53
3472.67
1836.89
2050.23
2123.71
1731.58
2882.25
3192.16
3512.73
3062.69
2382.02
2247.09
3642.31
2970.99
2854.63
3618
2896.6
1656.71
3123.9
3474.89
1873.13
1728.06
3994.25
3630.37
2990.54
834.628
1893.17
2519.67
2584.31
2219.35
2205.15
3911.39
3824.3
2542.22
1776.77
3975.58
1535.39
2392.29
1754.74
3482.81
3836.11
2927.63
3634.65
3838.51
2986.18
2817.33
2706
2417.82
3270.75
3754.18
3085.27
3005.9
1780.62
2967.25
3370.29
3142.75
1793.95
1240.07
2483.71
1987.56
3861.43
3071.87
3206.26
1459.33
3432.45
1778.51
1886.6
3279.99
1238.04
3771.81
2663.29
2683.43
2780.23
2011.16
2986.11
2088.42
3621.88
1703.67
3429.05
3273.9
1976.23
2533.48
2957.71
2349.78
3285.76
3492.39
3297.69
3850.34
3966.55
2388.13
1987.54
3850.09
1514.58
2510.71
2798.51
1976.5
2885.99
3378.25
2899.19
2016.58
1991.88
2423.28
2340.49
2945.88
3207.1
1997.35
3326.12
3204.31
2134.13
3889.17
2330.18
3100.24
3923.87
3944.67
3712.97
3128.85
3205.72
2345.79
2490.1
3413.23
1487.95
2675.8
1718.52
3491.63
2398.67
2327.3
2778.64
2590.42
3034.39
3057.33
1743.05
3211.05
3508.71
2978.59
3858.78
2458.52
3325.92
3667.28
3447.32
3346.63
3386.21
2970.81
2159.55
2329.72
2351.51
3653.94
2640.14
2439.25
2845.25
1636
1693.99
2143.04
1958.89
2526.52
1848.33
1909.71
3030.59
2257.26
3614.2
2305.73
1601.77
2151.07
3843.5
3658.56
2791.13
3454.78
3011.73
1984.62
2341.16
3550.85
2526.25
2722.04
2762.34
2108
2965.1
2619.7
1670.01
3378.83
1489.97
2896.99
3276.65
3906.57
1655.65
2748.43
1494.29
3837.55
2762.88
2320.47
3794.87
3117.95
3906.48
2924.57
2140.5
0
3483.78
1938.39
1978.11
3474.11
2629.24
3097.08
1904.33
1787.65
2301.57
3993.27
1462.04
1689.87
3394.22
688.167
3551.67
2572.77
2263.34
2607.22
3664.67
3618.98
2142.64
2201.71
2578.97
2458.94
2760.48
1920.42
3366.19
2098.96
3658.24
2307.58
3696.61
1974.07
1991.49
2330.55
2040.38
2006.06
3548.92
2039.36
2406.59
3733.67
2193.77
3542.74
1316.41
2476.74
2626.54
2617.63
870.891
3914.59
2346.68
2946.8
2745.79
2032.48
2188.94
1862.83
3797.32
2147.41
1828.73
3069.53
3186.02
2978.58
1628.88
2844.14
2645.49
2571.27
3109.99
1966.43
2009.59
3488.5
2871.29
3045.28
1735.47
3731.73
2264.63
2570.1
3900.05
3321.57
1717.3
1783.87
3887
3767.14
2264.14
3067.8
3157.74
1360
1656.08
2402.5
2816.28
2435.29
3033.43
2013.01
1280.91
2300.18
2788.61
2497.58
1881.87
2781.6
2035.8
3739.89
2234.63
3106.72
2263.23
1919.11
3122.67
2362.62
3318.8
3797.19
3662.12
1458.42
2587.51
1851.28
2297.61
2055.28
2852.63
2879.07
2821.95
2219.67
2346.81
3109.43
1387.82
1391.54
3159.07
2309.03
2815.43
1821.71
1775.9
2170.63
1887.82
3686.37
2114.94
1981.92
2679.89
3411.34
3077.15
3209.8
2295.05
2046.91
2293.41
2853.45
3263.82
3916.58
2880.24
1553.71
3491.17
1408.18
1570.15
1028.65
3907.36
1889.89
3422.24
2717.86
1911.75
2789.93
2566.63
3056.93
3713.31
2314.45
2621.14
1714.38
2625.19
2362.92
1820.04
2204.73
1768.5
1689.24
3309.64
1999.41
1816.55
3492.53
3010.52
3192.82
4122.32
3726.67
1880.56
3757.86
2737.07
3574.14
3228.17
2808.67
1437.17
3858.92
2665.46
2653.05
3609.08
3572.47
1977.08
1638.71
1736.26
3328.79
3451.03
1743.96
