1809.11
1993.62
2533.91
1792.53
1827.61
1782.81
2419.11
2755.14
3313.64
2843.76
3188.49
3861.75
1795.63
2533.4
1322.67
3311.4
2295.49
2104.4
1769.57
2611.05
2227.74
1674.26
1858.89
2684.85
2274.78
1836.02
2675.15
2403.94
518.885
3038.69
2936.82
1838.68
1957.73
2640.53
3647.25
2959.75
3089.8
2568.93
1818.38
3080.31
3120.89
2665.77
1108.49
1499.91
2164.22
3324.43
1904.53
1054.31
2088.76
1978.32
3104.8
1914.24
2766.12
3636.49
2744.06
3273.54
3148.13
3675.6
2291.7
1979.04
1621.89
2001.55
1916.58
2396.31
2474.26
2456.95
4156.81
2478.18
2611.96
3312.9
1681.65
1844.23
3409.49
1400.11
1925.78
2626.85
1615.44
3020.28
2836.07
2532.81
2032.93
1129.45
1744.44
2622.52
3059.6
1346.62
2073.04
3510.7
2900.88
2982.15
3616.44
1658.59
2998.64
3427.76
2771.55
1830.18
2254.24
3167.34
3652.12
2522.57
2537.56
3327.69
2026.58
2203.11
3409.41
1908.16
3387.41
1295.14
2024.35
1899.68
2082.33
4062.81
3134.26
3352.93
1866.45
2892.31
3329.25
2251.12
3602.19
2539.72
2303.06
1960.55
1886.39
1797.1
2094.34
1653.13
2486.4
2043.93
3170.91
1775.33
2030.25
2984.23
2513.8
1678.69
2127.59
2072.99
2240.89
2597.52
1968.08
2937.36
2085.28
2854.18
3937.64
2263.59
3521.18
1800.55
3005.14
3375.13
2824.46
3373.12
1918.51
1838.79
1911.44
2366.99
2760.77
1836.84
2454.47
1688.61
1885.56
2937.79
2992.11
2195.72
1690.07
3391.8
3544.56
2255.43
2810.09
3062.78
1805.75
3919.22
2622.05
3182.84
1570.21
3051.77
1986.6
2378.85
1466.4
1882.97
2936.68
4045.82
2709.21
2762.83
1386.6
3177.35
2207.85
3335.18
4013.82
3525.21
2271.99
2147.64
2661.65
2587.46
3494.95
3514.74
2038.2
1842.35
2531.23
1816.29
2727.11
4087.54
1781
2020.96
3962.58
2314.64
2186.79
3054.42
1801.29
2615.98
2863.41
2081.69
1910.54
3076.44
2276.39
2446.41
2303.54
2465.7
1833.2
2103.11
3803.4
3329.54
1802.45
2745.67
2328.48
1957.62
3728.32
1974.02
2166.43
2017.04
2258.34
3093.07
2165.5
1751.1
3860.09
2422.49
2504.5
3194.49
3320.59
2100.66
2633.62
3128.75
2840.92
2777.17
2990.45
1101.93
2498.07
3301.43
3028.52
3217.5
3178.66
2782.63
1521.97
2364.37
3595.24
3939.4
2921.4
2607.9
2139.61
1732.21
4028.72
1566.25
1639.07
2083.67
2606.16
1790.15
2322.15
1465.61
3287.38
1071.41
3700.56
3446.45
1734.35
2032.93
2929.67
1421.48
3075.13
1952.24
4061.1
2895.33
2348.44
2223.45
2994.82
3509.35
2543.22
3616.97
3334.46
3012.48
1685.33
1792.67
3721.52
3275.16
3710.09
2591.52
2405.73
1822.1
1842.28
1733.97
2676.36
2284.55
1168.67
2140.05
2187.98
1899.08
3456.65
3008.18
2109.7
3842.04
1983.01
3128.53
1956.52
3393.05
2190.42
1961.54
2152.78
2202.46
3800.44
2337.19
2799.28
1762.8
2293.98
2799.56
2116.69
2083.1
2106.74
772.877
3855.8
3911.18
2067.6
2756.08
2202.84
3361.2
1988.48
3408.54
2235.61
3879.68
2343.97
3464.44
2777.63
2998.85
2173.52
2618.05
2958.47
2222.2
1945.84
1769.09
2535.67
2123.69
2310.19
1982.81
3460.84
417.017
3649.09
2574.02
2130.63
3484.22
2831.68
2734.54
1402.09
2461.09
1796
2731.28
3387.62
1994.98
1883.33
2405.42
2713.24
2865.46
3986.62
3508.93
2513.45
4073.38
2094.48
3513.23
3188.29
1850.71
2900.11
3452.78
3000.24
2183.66
2534.36
1856.57
3641.58
1997.65
3694.4
1857.38
2469.83
3094.56
1463.89
1934.49
2826.24
2627.58
3027.1
3226.07
2368.29
3281.01
2852.98
3219.54
2672.19
1814.48
2196.68
2701.19
2025.94
3633.83
1044.46
1725.56
3950.04
2213.05
2032.96
2527.06
2792.06
550.724
2090.11
3209.01
2836.35
3025.44
2135.49
4206.03
3814.94
2196.8
2314.15
2342.21
1681.77
2158.58
3482.28
2713.36
3016.92
2830.37
3482.39
2361.26
1991.37
1648.27
1880.58
2314.42
3385.87
2367.14
2662.49
2766.05
2547.27
2149.57
3597.56
3171.61
2297.16
3588.68
3604.67
2762.51
3358.16
3456.11
2571.91
1598.27
3434.81
1818.2
4213
1286.26
2239.21
1029.17
2431.77
3103.77
2368.14
3851.03
3376.21
2382.26
2254.18
4147.59
2214.19
2076.25
3381.91
4020.2
4096.34
2242.32
2934.54
4205.31
1892.79
1497.11
2060.86
3358.33
3677.91
2478.16
2059.44
1478.66
1781.66
3842.78
3612.25
2167.67
2548.06
3085.89
3046.84
2160.79
1977.09
3894.98
3075.87
2466.56
1985.31
2169.07
2960.86
3953.13
3421.34
2677.32
1823.88
1929.48
3356.48
3301.02
2762.63
3811.72
3172.94
1933.49
3462.8
3792.22
2211.98
1234.79
2652.93
3676.29
3816.78
1891.06
2376.85
3164.68
1354.63
1557.56
2453.53
2388.58
2026.37
1879.34
3006.73
2099.62
2146.52
2730.7
3023.75
2101.38
3882.99
2230.84
2610.51
2482.69
2922.52
3979.05
2869.59
3214.93
2364.49
1824.36
2019.43
3332.74
2486.91
2959.59
2860.96
3276.68
2790.76
2031.29
2005.22
2709
3606.3
1493.02
1755.45
3376.68
2921.85
3295
2549.57
2824.29
1988.28
2062.01
2031.21
3863.35
3937.78
797.525
3507.4
1543.34
1619.01
1928.06
2686.92
3647.53
3612.43
2318.03
2408.63
2204.56
3392.2
3059.9
2281.13
1912.3
920.312
2992.12
3133.1
3779.11
3230.67
3085.07
2880.3
2187.75
3284.94
3275.13
2573
3061.54
3644.94
3486.73
1262.33
3995.08
2817.3
4000.48
2010.02
2553.07
2633.57
3754.09
3083.53
2575.41
3173.61
2752.66
2186.6
2484.3
4035.01
2075.33
3890.94
2073.03
2477.03
1908.4
3165.01
2145.43
2578.81
1885.55
2337.88
2668.89
2359.37
3095.71
3777.4
3387.32
1859.59
1913.65
2149.15
1501.66
3037.27
3217.63
3526.67
3003.99
2355.27
2123.3
3511.61
3164.68
2802.34
3714.23
2673.9
1713.58
3189.94
3455.85
1809.61
1741.76
4169.27
3688.09
2844.24
816.272
2002.14
2557.74
2526.98
2378.9
2141.04
3784.46
3682.47
2636.92
1726.2
3885.21
1397.83
2434.85
1807.54
3386.71
3873.04
2917.79
3571.63
3789.51
2894.26
2719.81
2802.58
2458.73
3297.93
3793.69
3141.08
3316.98
1869.79
2994.75
3367.03
3233.08
1901.17
1150.62
2606.14
2023.59
3810.92
3019.72
3201.77
1746.71
3375.34
1669.43
1888.27
3300.83
1260.09
3879.41
2728.5
2916.25
2705.1
2017.37
2904.82
2151.13
3595.97
1540.63
3470.61
3171.01
2003.15
2558.56
2893.49
2297.42
3200.82
3702.01
3291.11
3704.94
4125.06
2303.52
1906.1
3992.13
1386.71
2505.38
2741.12
1910.47
3059.89
3353.09
3004.03
2075.36
1797.94
2402.2
2282.35
2929.48
3025.35
2196.54
3240.17
3190.92
2033.72
3752.82
2276.41
3018.28
3979.68
3934.98
3652.91
2837.28
3051.69
2302.41
2703.59
3366.49
1647.46
2678.24
1825.3
3437.93
2587
2260.88
2742.98
2579.77
2992.91
2966.36
1812.47
3199.4
3684.48
3002.82
3687.76
2068.93
3268.67
3180.81
3464.17
3417.42
3493.62
3025.67
2114.69
2368.81
2453.89
3802.94
2574.21
2319.15
2912.69
1639.01
1697.08
2263.39
1937.27
2600.91
1777.73
1849.58
3155.12
2190.72
3421.19
2439.08
1552.38
2194.46
3913.05
3655.33
2850.97
3320.13
3028.49
1911.96
2300.6
3417.87
2696.56
2697.06
2829.17
2261.46
3082.42
2544.6
1722.87
3278.65
1547.5
2895.63
3331.9
3890.11
1897.22
2812.49
1174.12
3700.24
2824.76
2448.39
3895.11
3100.91
3971.88
2781.18
2019.33
0
3403.3
1739.18
1968.67
3328.39
2642.72
3116.64
1981.5
1708.34
2319.29
3646.11
1458.05
1831.59
3588.83
699.915
3538.66
2441.07
2200.89
2452.15
3797.55
3630.52
2203.7
2281.37
2728.52
2339.55
2748.15
2030.85
3456.57
2085.75
3772.64
2355.1
3767.94
2053.46
1679.62
2258.17
1974.65
1857.74
3457.59
1921.29
2332.7
3543.71
2281.77
3576.81
1365.71
2301.73
2314.62
2448.13
739.948
3756.14
2472.8
2961.91
2854.83
1993.96
1961.67
1928.95
4016.73
2231.96
1804.4
3138.87
3233.94
3065.43
1455.29
2968.22
2717.86
2694.1
3048.79
2083.61
2060.16
3417.36
2751.99
3057.22
1595.09
3727.4
2384.69
2694.33
3751.7
3306.31
1753.98
1737.81
3958.98
3727.39
2505.04
2893.39
3148.51
1494.51
1684.79
2356.07
2839.57
2491.58
3116.08
2003.64
1333.11
2168.65
2982.79
2410.17
1885.98
2720.5
2168.62
3836.36
2147.93
3203.54
2423.49
1931.98
3196.23
2420.81
3243.22
3582.1
3696.72
1666.75
2598.22
1911.76
2233.3
1974.32
2903.77
2944.45
2824.29
2224.62
2552.89
3042.05
1392.38
1413.66
3328.65
2416.66
3148.17
1789.4
1796.57
2159.26
2033.29
3652.5
2025.68
1980.28
2606.25
3368.51
3009.5
3400.7
2255.55
1976.93
2214.45
2925.76
3352.13
3895.71
2969.25
1243.71
3265.82
1332.04
1561.69
971.335
4119.85
1974.82
3483.11
2597.66
1945.05
2628.84
2631.97
3388.32
3794.35
2191.8
2532.25
1711.28
2603.46
2357.45
1928.42
2158.86
1821.49
1704.05
3234.34
2024.8
1893.62
3574.48
2851.28
3146.42
4085.9
3729.35
1928.85
3839.23
2724.44
3819.93
3091.55
2717.83
1467.36
3856.06
2469.3
2586.37
3667.23
3715.31
1957.28
1533.64
1594.8
3100.82
3449.46
1771.7
