29.2415
58.5137
30.7993
150.866
26.3489
50.636
26.9074
45.301
50.3442
42.9941
27.2569
33.9093
35.8473
27.8037
19.8031
27.9076
50.8905
46.2225
26.0987
40.3885
30.8867
11.2514
32.8975
44.0639
31.539
29.1145
29.1622
28.1179
20.8346
40.8549
68.5527
26.9421
33.3657
27.8138
34.2594
26.8071
32.9801
35.9527
31.611
32.2485
68.5362
59.9725
27.5688
32.6696
23.9817
40.158
44.1007
9.8187
31.9
64.6419
48.7643
70.3412
26.5765
31.2228
36.1924
28.0021
35.4943
40.5299
28.9571
27.2783
27.3087
31.1064
48.4207
28.774
29.4212
28.4542
84.8458
39.7427
26.0109
30.4066
11.9604
28.373
164.573
40.78
28.0637
38.6483
30.3034
60.7223
36.7064
33.2624
94.2663
138.696
30.0371
26.3188
28.1248
23.3211
30.8161
69.4505
41.8238
53.0263
50.0362
55.3531
81.8376
28.2908
37.4509
34.3657
26.7473
32.5198
27.4099
42.7748
31.8005
27.3043
26.7949
47.1894
28.4446
38.0206
27.5438
24.6193
28.9358
33.8321
31.0982
39.525
26.7913
31.0226
27.3638
30.7087
28.6192
71.853
32.1824
31.046
29.4013
32.8992
29.7608
25.6598
31.6003
38.1261
35.4582
26.9172
31.6886
28.3658
52.2437
47.0068
32.3496
51.9397
27.8663
34.5578
26.6508
26.1194
36.9046
42.0486
53.2758
30.8175
40.8533
38.6552
35.4493
25.0183
30.5635
39.3826
43.3029
36.4585
30.4596
34.9708
30.6199
44.351
39.4511
37.4966
27.3943
39.5143
51.6451
28.0095
124.866
176.013
29.4517
29.1685
40.0308
33.7753
31.9373
5.76996
27.4213
39.0543
49.8151
27.7396
23.8082
40.4175
33.4627
33.8184
63.2808
30.2
30.9994
76.4305
38.0922
26.7902
64.9293
52.1531
45.1262
35.7094
33.4679
33.7096
86.6091
45.9037
76.5186
50.617
40.293
125.988
126.744
39.5242
40.8467
67.4735
31.7737
30.1431
26.97
36.3348
29.2719
28.408
46.6098
50.4186
24.9678
41.5811
33.0185
37.7972
88.0759
27.0032
33.964
28.1232
28.1864
55.6929
38.7747
75.1958
36.1681
29.8387
38.373
85.297
29.4742
63.696
30.1881
36.8225
27.1994
57.702
26.8651
31.1146
132.655
27.1195
67.3719
33.4045
140.993
36.6505
68.6511
89.8436
46.5071
101.886
27.5705
42.1496
34.2335
109.788
29.6668
28.3317
27.8552
33.5873
28.69
62.0461
30.9416
34.3367
34.589
33.2381
41.9266
29.2405
27.2376
34.1289
29.2964
35.5606
23.0352
91.0122
33.6733
31.8582
47.4488
47.0839
70.6851
32.5945
53.0188
35.6561
50.0546
24.4226
35.3828
25.6178
54.3367
26.2938
27.6072
41.7534
27.0913
35.9798
27.9413
29.0738
34.1421
30.634
38.3208
38.7883
60.2168
24.8627
35.0909
49.1496
32.9033
49.4295
45.0852
24.6863
39.2149
41.7222
38.9653
30.6413
19.8906
34.9971
27.2443
26.114
69.8335
30.0424
28.6965
30.8821
25.7162
53.2098
93.6886
53.2088
33.06
28.0163
31.8685
31.9413
41.4214
30.8358
37.6998
29.7868
27.6332
33.8259
40.3878
37.7267
37.8477
21.4718
30.6897
31.6377
27.8944
30.719
56.8989
35.088
26.1973
37.8278
27.7172
74.3207
62.5007
39.432
68.076
33.5137
14.6997
63.103
37.5509
36.2246
15.3015
26.8478
29.7108
40.6732
36.6112
54.961
90.1079
5.90879
61.0684
136.616
29.2911
33.6402
33.3972
68.9075
28.0825
27.9936
26.6733
34.0373
27.7727
27.3886
36.8902
43.2051
36.131
41.1229
27.6279
27.9133
32.8187
39.0977
58.3896
44.1424
103.543
113.431
27.6512
32.7239
28.0718
37.5821
26.6902
28.5092
46.8612
24.5941
42.0429
28.5909
26.8804
62.6126
35.0048
28.3609
32.5135
42.0413
30.0977
35.896
49.276
113.706
34.0581
94.823
183.293
66.6521
58.7661
26.6422
26.7425
24.8641
14.1643
193.413
27.8609
66.0455
53.1953
38.3405
46.9113
7.20668
64.296
47.166
52.659
28.3238
42.3848
44.6485
43.2342
28.0458
26.657
35.1743
34.6726
29.7016
52.9355
32.0949
26.8173
31.355
50.0127
50.3423
36.4871
100.883
27.7919
42.0383
28.1036
31.703
39.2349
32.9655
42.6172
32.7163
78.2397
27.9596
62.7774
61.9001
31.9424
37.9567
51.7154
42.0562
33.7098
48.7895
35.5677
26.1664
34.9485
30.9652
50.6084
21.8322
54.3915
28.7816
35.4874
34.3277
33.0853
30.2596
27.1934
45.8352
30.6807
29.3803
63.603
28.1814
48.335
45.074
33.5358
65.6578
35.0416
21.0015
30.4336
36.3639
43.6174
38.6883
66.8412
34.655
26.2888
31.9802
27.775
60.1073
54.8461
29.81
94.0642
27.2284
26.8249
37.7701
46.3454
60.9096
29.8873
39.4968
52.7773
30.9355
31.5252
68.0171
44.6063
39.78
22.1694
29.4509
38.1427
27.4151
27.3987
34.4819
26.2684
32.2199
33.2072
66.5614
26.1007
64.3308
46.7829
29.4261
26.4824
33.5279
69.2646
30.088
43.1403
25.1576
82.5725
27.8339
27.9913
51.4251
33.5095
42.2323
41.4423
25.8587
59.8676
33.7714
44.2413
33.072
226.569
28.8891
28.8998
50.9267
28.1706
52.5349
31.5587
34.6597
36.6789
43.4407
35.7828
31.3336
138.389
42.4067
65.3894
26.173
43.0062
30.662
31.4143
32.0437
40.8987
57.5781
33.8124
48.7189
34.9907
25.4328
41.5551
35.2913
41.5826
29.1123
36.0921
26.7267
29.5506
34.7906
27.707
34.519
35.7949
35.8588
57.424
26.9036
28.9069
49.7564
27.395
143.725
57.8617
49.3615
26.6103
28.7331
34.9229
43.8366
28.6805
44.3318
40.0719
43.4996
44.2348
39.4463
34.4294
54.8548
24.8402
30.2577
28.71
33.9083
32.9865
130.889
27.36
49.0222
45.6592
67.3332
35.9072
85.1029
29.3755
33.3428
30.0153
48.0054
38.3002
26.1256
25.2935
33.5796
26.8398
135.916
28.8695
42.246
71.2121
61.6111
33.8383
33.8032
28.8996
45.763
35.3441
71.6051
30.2758
39.9588
36.685
32.429
43.7467
45.0458
65.4583
35.6402
37.2441
27.5056
40.1978
28.3921
30.4221
33.515
34.4447
44.5924
26.1219
49.946
29.6972
43.7079
38.6905
16.3643
28.02
125.031
32.1717
230.952
34.3744
38.4557
30.9699
28.86
29.5958
36.5785
31.592
32.7587
33.1895
35.6143
34.7051
31.7134
30.0902
30.8772
51.1553
28.0666
30.3251
59.2148
66.3599
35.7261
40.6528
28.3196
27.954
42.5346
28.6871
28.5273
29.8588
74.2615
35.949
27.3218
28.3342
44.183
72.4416
27.1954
30.3231
56.8085
27.1548
47.0678
18.6611
58.483
119.512
34.2592
35.3637
37.0208
41.3208
27.5988
48.8
48.1097
27.7169
28.9429
29.4425
26.0714
45.0523
37.0412
132.094
36.1729
30.4823
35.8879
33.2438
27.5419
28.3172
43.8857
150.024
34.9922
93.0526
28.2872
46.7058
33.6924
27.7487
27.5078
32.3843
33.7257
32.5294
38.9642
86.6271
54.5913
33.5415
40.2875
69.9628
48.4543
35.0463
34.4785
29.1665
37.4639
29.1931
31.8269
68.8265
28.552
48.6677
36.16
26.5568
36.6544
32.2347
27.8889
32.7989
59.9287
21.2818
28.5348
33.5057
133.633
26.7077
39.016
38.8699
33.2415
39.2595
25.2523
46.8162
126.945
27.151
39.7733
29.0722
27.3293
95.6029
42.0625
33.8727
36.6569
34.846
61.5158
31.2012
41.0831
24.8364
30.8151
48.4608
38.6811
27.3366
95.2214
38.9918
25.9247
146.746
25.9755
14.4955
27.0849
34.6493
49.847
28.1076
52.5258
28.2694
29.196
35.3228
42.3324
33.633
38.344
37.1223
25.4984
33.5573
44.8385
27.7226
52.3837
31.6754
30.8495
44.8743
31.6948
27.4362
28.3385
61.2692
50.235
25.7015
42.5909
28.4275
59.1495
33.6484
25.8152
76.1833
0
60.1294
25.9269
33.825
43.7732
30.389
27.8803
30.3868
38.3482
26.5175
44.4409
16.7349
12.2786
30.5967
37.9237
51.974
40.8893
24.8839
55.1373
38.8921
37.431
30.3388
23.7663
17.8108
27.8551
32.6226
51.3912
27.7737
48.2456
32.3519
58.8909
42.5342
33.5228
51.2463
43.239
26.5163
67.7711
28.0802
27.9924
25.8593
41.9047
27.617
41.69
55.7292
62.8092
41.0942
43.9563
33.1101
69.8194
46.5595
40.2282
28.6056
28.006
52.0728
27.3336
32.2846
30.3384
26.4438
31.1113
41.3408
27.756
48.9802
32.3193
37.3477
40.5212
39.4076
13.7334
27.1709
50.8692
53.8768
35.7473
26.4216
35.4699
30.8363
31.1086
52.2267
32.0807
28.9952
26.5827
27.2056
35.3641
33.4248
37.9191
41.0355
21.9234
37.0635
28.6539
67.345
27.3831
42.7076
32.4786
55.361
49.0233
27.3863
34.0249
33.8689
47.034
27.0943
38.2961
29.2471
28.8455
28.3032
75.7214
35.595
37.2937
34.8189
46.914
39.741
86.0287
35.1744
28.7957
33.7926
33.8546
27.6526
28.7719
37.8195
27.9109
28.5277
45.5633
28.0771
132.791
30.1352
34.9487
86.6685
31.9426
50.9444
27.9023
34.493
27.4256
58.0173
27.0265
31.2879
61.4948
51.4699
28.5042
28.6225
27.1328
116.739
33.7684
44.771
39.7106
27.533
105.184
58.996
37.1738
49.7562
14.2179
35.6052
27.8041
33.2768
43.3232
35.4512
61.5243
47.75
31.1737
54.9037
46.8014
42.0145
77.5771
32.488
43.8082
32.0449
54.7339
42.7106
29.2731
80.2366
36.4016
23.7128
32.8305
50.3137
123.089
28.4281
28.9903
40.311
29.029
37.4465
31.6572
44.9359
41.7543
58.2552
35.8792
81.4893
79.3964
44.2735
30.1451
40.8715
27.3599
79.3077
50.8383
39.1699
30.9239
