11.2008
8.54464
9.29366
11.7723
7.64508
6.03227
10.6096
10.1625
10.3537
6.32565
11.4101
6.67497
9.98282
7.46692
6.79016
8.24042
10.0649
6.28383
10.396
6.80351
12.3838
7.18856
5.35826
9.67655
12.1953
7.70266
13.2002
10.8646
2.65959
6.17687
4.0881
6.31858
9.91134
11.2766
8.51764
5.35641
8.83839
8.53176
11.264
13.8737
8.16848
7.24648
6.50184
9.80029
8.3016
5.13277
7.70453
4.35323
11.6238
8.28154
12.4341
8.77532
8.94777
12.1087
10.3272
10.6526
11.3561
6.83113
9.43684
12.913
12.3801
11.1015
11.3737
12.6325
12.6125
10.4129
9.26287
8.59848
8.64059
3.16066
8.86545
7.86038
10.0639
8.73831
5.90856
5.18693
5.8826
8.55712
5.50102
10.3537
8.48072
12.1
10.1558
9.51775
12.6308
11.6106
9.86567
10.4747
7.12515
7.18645
1.61488
8.38957
11.8981
11.7672
11.0089
4.78521
8.98393
4.77409
11.2604
11.162
11.2223
3.89996
5.81879
8.79469
11.6115
11.7839
7.04198
5.30954
11.964
10.4203
2.49741
10.0763
9.91985
8.61156
10.4438
11.5814
11.7331
11.4644
10.2373
7.2714
7.98259
6.99629
8.71145
10.102
12.3483
7.46905
11.5729
7.74715
11.4265
8.77694
9.00996
5.77918
10.2395
11.5576
8.2195
9.26748
11.09
5.6729
5.58891
12.6485
10.5387
11.1985
6.62112
10.7156
12.1396
10.4142
12.1013
6.77341
6.04179
9.33438
7.16002
6.54734
11.6782
11.2448
10.6668
2.44961
9.49595
8.09251
7.31947
11.0901
9.6711
11.6489
10.6215
9.27215
8.08212
11.2988
4.42217
2.2041
10.6481
4.15643
11.4922
8.50653
10.3537
7.73892
12.1383
7.60806
10.2942
9.94134
4.78072
10.0762
11.2466
9.58516
8.10599
7.87769
9.48534
10.0227
11.2164
9.96836
5.76907
11.5163
3.57941
7.88967
3.85339
8.82667
7.81175
9.05714
7.71057
6.92725
8.13449
8.89976
7.28068
9.24071
12.3195
9.03521
6.83181
1.85624
9.71448
5.85622
6.21134
8.27353
5.29176
11.4199
7.71275
8.87545
12.505
11.8407
11.5711
3.21201
10.8356
9.714
2.78475
11.5492
9.16948
8.25001
5.60319
5.93379
5.48031
11.1016
7.59835
5.71986
8.19764
10.6138
10.107
8.05479
10.7179
9.92624
13.9352
8.61731
12.7567
8.26136
11.148
8.9639
12.0926
8.74713
8.73578
9.93872
10.2181
9.45903
10.6794
8.74233
9.92724
5.82394
9.92516
9.60639
9.01269
10.8296
8.16725
7.03808
11.4501
2.41652
11.2688
7.76141
11.1963
11.317
8.30175
7.24874
12.4799
6.81311
10.1147
5.46529
6.2628
8.42433
11.4986
6.1746
10.6797
10.3782
10.5314
11.0768
10.756
8.36406
3.99022
7.04446
10.6727
8.6737
9.96984
10.9775
8.59159
11.4744
5.64909
11.6813
12.1416
9.73018
4.24284
11.3578
7.04285
7.13441
11.6866
12.5726
11.1686
6.49422
10.4772
8.43249
8.07279
6.66686
12.5942
9.37218
9.76677
3.55097
2.69863
7.12424
11.3222
12.1085
10.4079
11.4755
12.1436
10.8622
11.5659
5.33143
8.88272
3.37904
11.2455
9.34535
9.88004
11.2403
13.4788
8.76993
5.54509
6.88478
11.7827
9.07553
4.87365
6.22383
12.4341
8.23884
7.02377
7.26544
11.6543
13.2529
10.5274
7.81354
12.8106
8.35906
7.31637
11.9333
7.34406
5.18846
5.02952
9.05426
9.93299
10.6712
8.79358
9.72594
9.35629
5.52739
9.37402
8.9036
8.91689
9.62714
7.93143
11.9476
12.5295
8.84102
7.32144
13.5226
8.32702
8.82234
10.2083
9.38718
10.0675
7.57046
10.4112
11.7259
10.9421
9.34288
9.56495
10.0124
7.3949
11.6151
13.1797
10.3898
3.70913
8.88165
12.2011
7.91029
11.7069
12.0078
9.52952
11.1703
7.70546
5.15944
9.91693
11.926
11.2623
11.2823
10.8404
11.6254
10.1812
4.76694
11.1934
6.0418
5.71904
6.76764
12.6425
9.4327
10.8029
13.3535
10.1234
10.9099
9.94249
2.07675
10.2988
10.6582
8.5984
5.23586
11.7401
12.3374
1.62742
13.0552
7.85081
11.2326
8.60244
9.12805
9.86394
10.003
8.95022
6.5665
11.9754
11.0526
8.39051
6.29164
4.91019
3.38037
8.96818
9.26024
10.5618
4.14361
10.5453
9.30691
11.5409
10.8303
10.3681
9.02101
10.8371
6.09766
7.8
7.09109
9.64802
7.98937
12.0781
11.9238
11.7278
12.1068
5.52649
8.51545
2.86905
11.8744
3.32017
9.57635
5.37806
9.39454
10.2438
5.6889
11.0733
5.29976
5.6755
6.83696
10.3379
6.11831
6.20654
12.1444
9.47351
4.7089
12.5082
10.3153
7.51956
9.38594
11.2807
10.3749
9.14365
10.7407
8.09714
7.64801
12.4051
8.69486
11.2403
10.3141
11.836
12.6101
10.3489
9.15744
8.52887
6.13828
10.9856
6.12582
11.8921
9.56411
10.8479
9.41184
11.6963
4.83726
7.93579
1.37869
2.37144
9.70479
3.43647
7.54293
6.28182
12.3763
12.3591
8.33186
8.3377
9.67788
7.34103
5.65607
9.41855
5.71854
6.42508
3.47395
11.3792
10.5894
11.019
6.94219
13.1043
8.24828
8.34742
8.47809
5.8481
9.33723
7.65654
5.85815
11.1205
12.0043
10.9743
6.0185
9.4724
10.6081
7.35608
7.77074
11.3334
10.9737
7.04501
11.9989
10.9368
6.43572
5.89379
8.21401
4.37237
10.087
12.0038
9.72605
11.9432
10.7189
6.06453
9.40207
10.9525
7.51226
12.4037
7.74392
10.2184
8.16606
12.0774
12.1044
3.77358
9.65179
6.66966
9.61118
4.91621
9.41201
9.23881
10.8948
10.8122
10.343
9.07102
9.49144
8.08328
7.63433
4.36602
7.52113
7.6961
10.5718
9.19446
7.63657
4.81876
9.32285
8.27076
8.68386
10.028
6.88352
9.83615
7.31454
4.21794
14.2307
8.40274
8.29518
4.62312
6.37714
8.41665
10.2165
10.5631
7.22758
7.75934
10.6039
8.24076
6.23809
8.94832
8.54963
9.72618
6.82246
4.59345
8.16885
13.2737
11.2517
7.83065
11.9353
9.04068
10.0034
3.10426
12.4656
5.64433
6.53957
8.08081
11.3336
9.71199
10.3198
9.69496
5.4002
4.00115
12.1271
9.89455
9.54412
5.68514
9.8269
9.19835
10.498
5.05148
5.07433
4.37571
9.07682
11.1897
9.69088
8.57086
4.68541
11.8092
11.2734
7.84079
12.3438
6.03804
6.34242
10.5422
12.5804
3.27799
8.7122
8.7225
5.5188
7.8866
6.84248
9.26118
10.4931
10.2088
10.5145
13.3084
11.8223
9.24512
6.03027
7.37121
5.73627
5.04287
13.1619
10.0085
9.77344
12.1683
11.6406
10.8122
9.1009
10.9329
6.52108
11.8388
8.97555
8.17191
6.60797
9.72999
4.70896
7.53061
13.8688
8.30028
9.65947
10.0847
8.98712
12.5675
11.1385
10.314
9.56411
8.74995
10.1126
10.0845
5.502
6.80878
11.9213
6.69827
3.70125
10.6362
8.96088
11.7498
12.0946
8.60714
12.2065
11.4172
10.1507
7.75066
11.9255
3.39398
11.0756
3.96631
7.56405
7.18673
7.46984
6.45911
5.59927
11.4898
9.82828
11.2018
11.3261
8.51565
4.05188
3.86959
6.10935
5.84651
12.011
5.03627
7.4096
10.1306
10.4831
10.9201
8.53182
8.75944
11.7354
5.53861
10.0142
10.769
8.3257
12.5854
10.8033
7.03265
13.1542
11.3322
10.2693
3.12209
10.6543
8.78153
6.28723
7.41119
10.4709
5.42361
13.2953
6.71337
9.61513
7.32828
8.18497
10.9165
11.514
10.891
8.04357
2.48462
6.66866
9.9207
7.65827
11.8516
12.9056
11.8407
2.7457
12.6861
11.9895
7.51602
9.83701
9.32946
11.4246
5.96901
11.5614
10.2108
5.02494
11.5058
13.5835
12.2072
10.6087
9.55029
4.41882
11.3591
7.04683
7.37867
11.1598
9.07242
10.0015
9.94771
6.64197
12.3211
9.54602
6.56107
8.71462
8.55293
9.31109
9.67191
12.3003
5.28054
9.80472
3.83669
10.4927
9.35746
8.40665
9.68489
13.8708
11.7881
5.32171
4.47308
10.3641
4.81823
10.4763
11.3767
9.11369
9.11677
12.542
5.32819
12.4835
8.56936
5.31242
9.7708
8.94889
4.09163
7.21488
10.2724
2.08075
7.14527
9.82681
10.8065
10.5917
6.73635
11.0494
3.02469
11.796
7.31113
7.23102
4.59767
10.8876
10.8987
12.6171
11.0343
9.04453
7.30841
13.7547
8.56285
9.5
9.09375
9.52996
12.3167
11.5682
9.81704
5.65688
11.537
9.74123
3.52774
6.49257
5.12078
8.68387
5.52114
11.7271
7.14953
2.50118
10.1767
11.8883
5.15755
8.73199
11.5237
6.05823
4.89701
8.96295
8.33752
12.4018
11.5641
8.73407
12.5134
10.5356
8.48916
8.63909
10.939
4.54343
7.34559
10.1621
9.41676
9.45793
7.15968
7.26784
5.5304
10.6561
7.29136
6.83318
7.1504
10.2574
10.4016
12.2395
11.9506
5.23523
9.10928
4.65925
11.7909
10.4661
9.27781
8.3885
10.7344
10.7136
2.11324
9.38135
12.9745
12.9598
11.0957
6.69596
10.887
10.5427
10.7358
7.01149
10.6845
8.89019
10.4923
10.2918
12.0024
12.3907
9.55507
10.0701
10.8373
8.5263
7.24412
10.2551
12.3724
8.74205
11.7587
6.54489
4.13796
12.314
9.10064
10.7509
10.8402
9.79154
6.07281
6.81807
12.5272
8.30403
12.4864
10.5828
13.5315
9.76953
11.8583
5.39063
6.46645
9.15437
13.3456
10.6428
7.87798
5.56628
10.6072
10.1099
11.4333
6.80142
6.68404
10.9619
10.3787
9.82651
11.8985
10.9097
9.64935
11.5379
6.04939
8.6066
13.1954
3.55071
9.94069
10.8552
11.0539
12.5893
3.76359
5.27287
6.20841
7.71344
5.95595
10.3624
9.93051
13.3535
7.92406
13.2409
4.65381
9.58519
11.7065
10.4084
10.454
13.6764
8.9786
6.62426
7.58132
8.471
7.90424
10.7509
7.33353
9.32207
