8.11593
4.12937
8.04829
10.8874
7.22972
4.91361
10.8657
9.3597
9.20797
3.77507
11.1384
6.81955
9.30212
8.49083
4.44198
9.79247
6.4542
7.65195
9.43143
6.45165
5.28928
2.81256
5.00879
7.44245
10.2645
6.7893
12.8238
9.75869
2.07502
4.41148
5.17272
6.80864
6.25341
10.587
3.2381
5.76138
9.63396
8.84094
12.4302
13.7765
4.9585
6.61292
5.13279
5.13279
7.33024
2.14501
6.58438
4.66312
12.1969
4.82919
7.6525
6.52189
9.60047
10.3319
9.09286
10.7166
9.58128
4.798
5.26554
11.0843
11.8944
4.32222
10.4969
12.6725
11.0838
7.2992
7.2992
6.78159
8.78211
3.55785
1.50845
7.54674
2.37026
6.63225
5.70371
5.64805
7.19111
4.97939
5.19983
10.6499
6.34413
6.34413
8.72529
8.78198
9.91415
3.70691
7.09488
10.7823
10.7823
4.03844
1.96935
3.81704
10.4206
11.5981
7.02329
4.35247
8.83631
5.33097
10.6778
10.1442
6.17576
6.11584
6.19004
3.83125
13.299
12.7362
5.97288
4.43962
12.7584
10.3423
4.71322
9.03768
9.61984
8.06044
9.84435
10.7971
13.5504
8.21593
9.50394
5.98066
7.44026
4.25644
7.97645
10.8139
9.2959
3.38672
5.04121
3.75382
8.90401
8.49463
7.21588
4.63097
6.15523
10.9864
8.99472
5.97482
11.2441
8.64429
4.76968
9.0907
7.00222
11.4542
6.61928
9.98573
4.81495
12.0839
9.77911
5.08976
6.37373
10.0125
7.37829
6.07286
9.24126
7.61239
8.61064
4.14123
4.14123
8.75851
7.39314
10.9407
7.31812
3.57837
9.58342
9.14413
15.4537
10.3475
4.72164
1.49414
9.7914
5.52214
9.8389
7.30839
9.12239
8.27608
11.7833
11.7833
7.99604
8.59769
3.99122
5.41443
11.4088
10.2595
4.89076
2.52329
5.48949
8.55328
9.0776
8.22213
5.46103
9.4574
6.55778
6.57854
3.88139
6.21568
7.37871
7.9309
9.28106
3.71563
10.5961
10.4087
7.38851
7.70498
15.5003
10.4671
2.52055
4.7708
8.23389
4.93589
3.7754
7.59291
3.85075
10.9282
7.5941
8.57152
12.2054
9.88979
10.2786
3.07536
4.68146
5.98178
2.86018
10.6954
9.40798
5.41007
5.6245
5.18037
5.09644
8.22778
6.90109
6.68889
7.30589
10.5384
8.37521
5.75482
9.70738
6.36375
11.1677
8.78559
11.4826
4.10553
10.2252
2.90769
8.33608
8.13498
7.96852
10.6571
9.82419
6.77712
11.3076
2.19979
10.1917
4.87521
8.60152
9.71864
5.75008
11.4987
5.19297
7.02384
11.2211
2.7757
11.1429
1.86099
10.5638
10.2541
5.56382
3.75382
8.42496
1.98579
8.56058
7.92175
5.59235
9.00344
8.39647
8.13685
6.06647
9.7145
8.8192
8.96893
5.12981
5.12981
4.54229
5.55129
8.88381
8.53481
8.81642
10.592
4.96193
10.0724
3.98318
14.0414
11.6397
9.97536
4.48987
8.8107
4.3382
2.21984
11.1972
10.1356
3.8416
8.52993
11.4477
8.53058
6.76501
6.30324
5.05142
9.8307
9.33978
4.25428
3.05805
5.17818
10.3462
10.285
6.68431
10.7285
9.51575
13.6336
10.5799
5.02244
9.05918
3.31544
14.2977
8.17559
6.01162
4.94505
13.2643
8.65058
5.58788
7.23833
6.44493
6.63689
3.93297
6.24954
11.9212
5.54179
2.84583
4.99733
6.40168
8.65108
5.2308
6.12083
11.3435
8.27595
6.72759
10.4472
6.93599
4.60593
4.21797
14.1317
8.48324
3.22378
5.08071
8.3556
6.73487
2.7712
5.34152
5.34152
8.14773
9.17769
9.68172
11.2855
7.5575
7.89352
5.33091
11.311
7.81348
8.56582
9.14362
9.27246
9.35053
6.17295
5.73142
4.67555
11.5014
6.74474
8.7786
10.3192
7.10971
9.33539
8.25599
23.3492
4.70358
8.74316
9.61579
8.60361
8.84826
9.73785
8.5743
11.969
5.13844
7.12493
8.34719
8.55207
9.88987
9.88987
11.7504
7.80672
6.90617
6.32993
6.48778
4.87339
4.87938
6.96933
6.13967
2.57924
8.68905
12.8919
9.14365
12.8667
6.02366
1.68986
3.67412
5.82111
6.78773
8.51905
11.8501
12.3011
8.37855
12.4781
7.58384
9.25193
5.78465
5.95024
8.8614
9.81469
8.47902
7.19975
5.66909
9.21019
9.33244
2.39767
4.03576
3.91249
8.02661
8.68774
8.26541
4.11199
9.87449
9.05904
10.264
10.5497
8.73025
7.74407
10.4505
6.74937
3.34061
3.34061
9.26826
9.26826
10.0496
12.0487
7.89812
2.6063
4.27707
7.85988
8.49645
4.55127
4.90975
9.9448
11.696
9.42584
8.48095
3.69873
5.10262
4.82926
5.59521
5.4573
7.6699
5.49388
5.71798
9.27039
6.23473
4.64891
6.36905
6.06985
7.0489
5.78641
6.63562
10.6156
8.14219
4.7148
7.36914
5.74015
8.94454
7.2312
8.738
7.48862
10.8899
10.286
10.3342
6.90533
4.28043
4.99874
10.4059
5.91683
11.6398
3.33428
5.67121
9.41294
5.13313
3.04092
7.91753
6.02252
2.52961
4.81525
2.84586
6.83663
6.69024
9.35565
8.51696
9.8426
6.28427
6.52327
5.75994
5.54139
6.34229
3.40192
5.1002
3.27037
5.66855
5.66855
11.1258
6.68738
6.41498
5.6527
6.47432
4.84418
3.03609
4.99924
11.4815
7.93067
5.12847
10.8211
9.60021
3.12756
6.30991
9.92954
7.73374
7.60806
4.9874
12.1041
5.60977
13.6447
6.25941
6.7931
4.84163
7.4976
4.14242
9.37546
13.5969
4.5727
11.9716
6.09145
4.3256
9.93242
7.04175
4.07085
7.1771
7.60012
9.88898
8.00593
10.2639
4.69555
4.32808
5.00093
6.79702
9.07469
3.81374
7.7578
7.72259
14.449
10.5897
9.1439
5.99047
1.19981
4.33465
2.94887
4.20549
7.19212
5.76142
5.76142
8.21608
7.40712
3.29684
8.33918
8.05473
8.66177
9.9814
1.40891
6.35303
6.5152
6.58266
14.2908
7.20465
1.70812
4.17748
6.27465
7.60081
5.89865
9.48044
7.00975
6.13153
8.83318
6.11893
3.8399
8.83837
8.13225
2.65146
3.75921
6.89692
6.56223
4.26191
9.28153
7.54769
8.19616
6.496
7.25957
4.35242
8.55592
4.397
4.99968
7.21147
11.0705
8.58676
8.65176
3.42469
5.03813
2.26337
11.8612
9.80212
9.81046
5.42323
9.13625
10.3307
10.2002
4.73332
3.47476
4.74276
5.72229
9.34102
8.0457
7.57825
3.53194
6.54086
2.89596
4.07765
3.07103
5.00044
3.6689
9.93113
14.2473
3.95015
9.09796
7.7971
5.54062
8.51978
6.60808
7.87011
10.7287
9.07289
10.0674
12.2355
8.70525
7.7223
4.18047
3.29631
8.40741
5.21627
13.2307
9.40796
4.87161
12.1172
13.0887
10.553
4.26324
11.5486
4.62229
8.24595
7.25916
5.01255
6.26803
6.27938
5.27415
7.59171
9.99239
6.75193
9.2735
7.12646
6.10956
5.24037
10.4564
6.17818
9.22424
6.19401
10.4876
9.86829
5.95891
4.53057
11.1497
5.54827
10.1074
5.56476
9.09852
10.9448
11.5536
4.2458
10.1316
11.7185
7.35218
2.28347
11.4429
2.7035
11.3715
4.03555
6.36831
6.19713
6.88097
3.21216
3.14174
3.02679
12.3022
9.32722
7.71604
5.57255
1.91018
7.11882
6.48416
5.16025
11.3099
5.46081
7.74778
9.53026
13.4215
9.62564
7.90391
5.06985
10.2238
4.69066
8.94584
10.7943
6.52607
6.1084
7.9268
3.24383
13.4163
7.12198
8.94669
4.43101
9.05137
5.48393
5.85543
6.97765
9.17022
4.72836
9.00747
6.01176
6.60319
7.31204
7.82353
5.32524
7.54188
8.44515
12.5525
3.98561
6.60679
8.85709
3.6741
11.0234
12.4286
8.43093
4.80931
13.6268
5.69558
4.99927
9.39466
3.83535
10.5597
2.54374
11.0887
9.91643
9.71346
10.9031
10.9441
9.48587
9.87071
10.3125
8.8631
8.65619
3.95032
3.62551
11.3299
8.30067
4.81658
6.46657
12.3716
11.47
11.0569
6.34915
6.93183
3.75532
9.4487
6.24248
8.722
4.72015
1.66825
3.30818
4.99357
9.18473
6.15719
7.71314
7.71314
11.8706
6.22956
2.9013
4.339
2.14694
10.6252
10.5695
9.50314
7.48279
11.5549
5.49668
5.06894
2.55654
2.55654
6.3883
7.43518
4.39962
6.66776
11.3135
3.23172
6.72206
6.37231
8.29654
10.7689
6.18155
9.69271
4.68704
6.39772
6.10713
3.15159
4.96574
9.9595
10.3587
14.4242
11.1629
8.63096
6.63966
13.2123
10.3687
6.67119
7.42881
4.09881
2.96457
11.1541
8.33251
3.21608
3.88579
9.3235
7.36231
4.21277
5.05799
8.1618
4.94575
11.8918
6.55477
7.82504
9.05701
10.1693
2.83373
7.35027
6.49555
6.08051
4.00072
6.90353
5.9884
6.54162
12.6462
6.3377
13.4346
12.4495
6.53817
4.81413
10.3789
3.23012
9.56092
11.1453
4.54065
8.88164
6.03983
6.58931
2.61932
7.15368
23.2651
5.75478
4.19327
10.3513
8.37128
11.6162
9.27901
5.41113
5.41113
2.66981
11.9614
10.0196
8.17802
8.12916
9.5731
3.41381
8.44879
10.4468
9.88218
6.40639
9.97999
6.60277
6.72931
11.0663
8.76374
3.58427
6.87008
8.93574
5.1257
10.0309
10.955
67.5229
6.17882
11.0931
10.2724
1.99974
3.65756
1.36589
11.9757
7.25695
5.18647
5.283
3.38967
10.2554
8.38389
8.88454
3.86564
10.8302
5.21927
4.91604
9.34636
7.42931
13.0474
12.4365
13.0059
9.86413
8.43757
3.94757
5.09447
7.77134
11.8888
4.66555
10.0977
5.79904
10.3556
7.81771
13.7486
8.25672
6.54108
9.58422
11.679
9.67974
6.38925
7.08024
5.20863
2.53014
6.4777
8.7701
9.56664
2.62693
4.43242
9.37374
2.21145
8.10331
7.05847
3.88719
3.25165
5.62108
6.39612
5.9981
6.21294
7.141
7.41212
11.6088
3.77023
7.08295
6.18313
8.90251
7.02468
12.566
7.78795
7.0579
5.92442
8.63368
4.91517
10.0866
8.02599
8.80623
