2.65037
-0.257671
0.279302
-0.91656
-2.64011
1.13598
0.786931
1.69558
-3.04112
1.34718
0.44395
1.37895
-1.23811
2.13909
2.09865
1.76261
-0.880284
-1.03209
0.220885
-0.723401
-0.793721
-1.42954
-0.977389
-0.734261
-2.25343
1.43725
-2.75976
0.358406
-0.240291
1.66984
-0.939416
2.29752
1.984
1.81971
1.49743
-1.26534
-1.26842
-1.69424
1.56289
-1.01854
-0.387089
1.64636
0.503263
0.503263
-1.56843
2.03121
0.921518
0.714411
0.0826
-3.03927
-0.520038
-1.9913
-1.99935
-2.54313
0.017927
1.20938
-0.045764
2.54903
0.542226
1.69468
0.448866
-1.78471
2.44191
0.409425
1.27417
0.54232
0.54232
1.53351
-1.4621
-1.03577
-0.976473
-0.801623
-0.746752
1.15176
-2.45089
1.52151
1.82736
0.12454
-3.0451
-0.163279
0.24987
0.24987
1.42194
-1.21949
1.87017
0.337873
-0.515097
1.97943
1.97943
-0.401764
3.03491
2.78551
-1.72242
-0.0386423
2.39403
0.0621474
-1.24346
1.75605
-0.590482
-0.415877
1.90525
-0.976119
-1.91648
2.68275
1.51159
0.532093
-0.0653016
0.25551
1.2407
-1.20849
2.62511
-1.09731
2.11735
1.00203
1.12266
0.237508
1.69177
-0.945283
1.21698
0.256823
-0.248215
-1.077
2.16092
1.26668
2.79365
-1.49434
-2.29713
-3.14033
2.74132
-0.203862
2.69195
0.0685799
-1.73651
2.16958
-2.85976
-1.46915
0.12998
0.311956
0.505458
-0.826413
2.01801
-1.23469
1.25773
-0.032515
-0.852458
-1.5696
2.72079
-2.92999
-0.581857
-1.55734
-2.54258
1.87744
0.171127
-1.98614
-1.50612
0.974638
0.974638
2.13048
-2.44997
1.07977
-0.0358967
-2.14129
2.30177
-0.470633
0.576438
0.365172
1.49585
-1.4377
2.25516
-0.278505
-2.19074
0.329368
-0.695768
-1.14734
2.87732
2.87732
-3.0441
-0.585161
1.37342
-2.166
-2.70845
1.87929
-0.686815
1.41607
-2.89171
2.3362
1.14438
-2.55188
2.52156
-1.85588
1.95994
3.0436
-2.16972
-0.222771
0.727351
-0.770917
-1.35541
0.869795
-1.48442
0.626424
2.25802
2.38793
-1.59867
1.71256
-0.0395336
1.12119
-2.02395
-1.64104
-0.513189
0.808314
0.449267
1.8278
1.44879
1.15273
-1.25151
3.11817
0.464674
-0.0819569
2.49828
2.47198
-2.60692
2.59721
-2.38294
-0.686962
2.62361
-0.489706
0.123854
-1.31791
-1.33485
-2.3721
-0.6792
-0.460159
1.11831
1.83888
-2.42177
0.0706437
2.27862
-1.06591
-0.759191
0.51374
0.915796
2.65677
-1.79124
0.502608
-0.0972782
1.63713
0.841466
-0.846855
-1.58668
0.5915
-0.354588
0.454789
1.35788
-0.396949
-2.51476
-0.813814
1.55918
-1.3087
-0.665137
0.340084
1.65497
0.300314
0.457901
-1.15794
-0.842959
-1.24323
2.37508
-0.891499
-0.857248
2.47878
2.67378
-0.751708
1.73749
1.68083
-1.37801
-2.39517
2.25517
0.56258
-0.368189
-0.368189
-1.03554
0.851024
2.66258
1.54489
0.581725
-1.27936
2.65082
1.31334
0.702163
-1.52881
0.0850905
1.47999
-1.13592
1.02567
-2.32432
0.554979
-0.45417
0.959307
-0.870943
-1.68612
1.40985
1.06586
-0.722187
1.09291
-3.12643
0.651759
0.352452
1.02275
-2.8173
0.657728
-0.636457
1.21922
-3.13402
0.0143824
3.0194
-1.56911
-0.638882
1.57847
-1.10711
1.52432
-1.76948
-0.627693
-0.275626
1.32221
-2.06534
0.41745
-2.93044
-0.391003
-0.921602
0.438032
1.5084
-0.432234
-1.54554
1.27783
0.594165
0.360823
0.502005
1.37132
-0.861084
-1.16213
-1.09804
2.8191
-2.1988
-1.9127
1.82093
0.0786374
0.0739372
2.32738
-0.754497
-1.37042
-2.52671
0.542556
-0.981666
0.243776
2.72538
2.72538
0.813898
-0.704428
-1.44936
-0.869437
-0.322735
1.11259
2.91072
0.681254
-0.960226
-0.631874
0.833219
-1.07258
0.572473
-1.56511
0.320757
-1.81218
-1.57341
-0.39252
-2.93984
0.175722
-1.93579
-2.65321
-0.20016
2.3617
0.779307
-0.472668
-2.20954
2.19897
-1.20708
-2.35393
3.08237
1.44522
-1.35513
-2.06574
1.37599
0.306506
1.23056
1.23056
1.50313
0.662708
-0.245554
0.779912
2.68
-0.169122
-1.05692
2.81861
0.353076
0.135153
0.731027
-1.12691
0.946773
1.58483
-3.00247
0.442377
0.0456382
-2.92575
1.02505
-1.70192
-1.20711
2.13682
-1.32631
0.316915
-0.129621
2.21007
0.123212
0.646647
1.03264
0.305984
-1.1517
1.11818
1.89599
0.755261
1.61644
-0.962992
-2.32373
0.816525
0.242328
-0.544178
-0.875631
-2.02924
-2.11053
1.97256
-2.46265
2.23542
-0.917268
2.54173
2.91617
-1.42757
0.41957
0.41957
1.36618
1.36618
0.318399
-0.723947
1.04872
-1.04888
-0.408211
2.48494
-2.22137
0.341119
2.30712
1.09077
-1.51618
-2.78926
1.41511
0.0399674
0.929542
-0.89869
1.15502
2.71903
-2.55205
2.95804
1.0151
-1.55964
-2.50429
-1.10454
0.765441
0.470997
0.583401
1.95757
-2.36173
-2.27589
-0.388021
0.271433
-1.62748
2.73594
-2.40997
0.660308
2.69854
1.80573
0.190602
-0.281367
0.873463
-2.95567
1.73638
0.568016
-1.93176
1.93607
0.634562
1.82212
0.457612
2.71122
-1.41941
1.77158
2.43355
1.23481
-3.10406
2.40144
0.146516
-1.13401
1.51709
-3.09664
0.918961
-2.80211
0.602069
-2.48202
1.91963
1.3135
-0.0883681
2.83555
0.371216
-0.853899
2.80423
2.80423
1.62719
-2.84088
-1.34356
1.23504
1.12211
-1.81869
0.965956
0.633414
-0.314879
1.68978
-0.236803
-1.31427
1.83353
-1.34724
-0.299034
1.19922
-2.45722
2.78012
-2.22935
0.255245
1.48927
-1.76324
0.63867
-1.65472
-0.387261
-0.716845
-2.34315
0.111411
1.22341
2.90652
-1.83621
0.68084
-0.991005
1.71861
0.820587
-1.03224
-0.994289
-0.770574
1.67967
-1.40878
2.72475
0.35892
2.14486
-2.53488
0.673949
-1.29551
1.20672
0.298711
-1.68882
1.63779
-1.31673
-0.926552
-2.0301
-0.37293
2.82578
0.433803
-0.43588
0.25262
1.94875
1.94875
2.88186
0.258226
-0.725556
0.667588
3.0935
-3.12201
0.425814
0.297577
-0.255743
1.08722
1.39469
-1.04229
0.820257
0.632864
0.0640642
-0.436955
-1.51699
-3.00433
2.20742
2.56732
-1.67517
2.50885
2.12827
0.401101
2.19862
1.25397
0.0735578
-0.437978
-1.5653
-2.41738
-0.437052
2.54105
-0.253365
1.5528
-1.93122
2.28239
-0.332429
0.86513
-0.126351
-0.789808
-0.978388
-0.489
1.64051
2.57769
-1.53497
-0.102701
-1.48291
0.0534293
-0.164949
2.24545
-0.717971
-0.177384
-1.27539
2.39123
-2.41195
-0.924149
-1.99282
-1.25927
1.81538
0.147276
1.18334
0.596981
-2.14491
0.506876
-0.358481
-1.20136
1.91875
-2.11946
1.56559
1.20941
-0.958065
1.61726
0.0824877
-2.80376
3.04654
0.82086
-1.6937
-0.0455653
-0.161387
-0.476068
1.10246
0.644442
-1.24303
-2.43998
0.304647
1.8459
-1.31793
-1.64238
-0.90944
1.85136
-0.17241
2.16552
-1.50182
2.72516
-0.121072
0.846849
1.84744
1.47172
-2.85403
0.562798
1.55984
-1.99611
-2.69366
-0.308292
1.50533
-3.13926
-0.295007
-0.415397
0.635463
-0.338281
-2.2371
2.67108
0.105457
-1.67549
1.56573
2.88167
0.809793
-1.97164
-0.601978
1.7867
3.04913
1.6843
0.856164
-2.47992
0.0992614
1.58783
0.044287
0.28096
0.253459
-2.97832
2.50832
-2.01122
-0.479173
0.828228
0.550587
3.11135
-0.590974
-2.33747
2.80619
-2.11133
2.52546
-0.729794
2.85135
-0.662613
-1.61837
-2.26735
-0.119119
2.53233
1.56801
-2.79439
2.33643
-2.03018
-0.24133
1.63163
2.86946
1.68472
-0.762445
1.56132
0.861546
-0.0359172
0.361386
-1.98018
1.27231
-1.00815
-2.04666
0.164499
2.45924
-0.922942
-2.70491
0.494922
1.20146
0.0185564
-0.516391
-0.467285
-0.205228
2.48088
-1.03576
-2.56
0.861144
2.18809
-2.85592
1.65426
0.00999845
-1.97371
2.85616
2.48021
3.06403
-0.103387
-0.832719
0.85065
0.678164
0.592733
-3.01551
-0.905908
0.802025
-0.681305
-0.539082
-1.75904
1.15927
-1.20557
2.54406
-0.481058
-0.715963
0.706723
-1.87264
-1.16903
-2.03459
0.0307895
1.8191
0.65038
-1.96536
-0.553238
-2.03055
-1.57139
0.0536935
1.20843
0.0542003
-0.0175169
-0.102219
-1.07897
-0.146953
-1.66204
0.919636
-0.293739
-2.1005
-2.97849
1.79046
-0.695011
2.30348
2.30348
-0.94391
-1.48133
-0.288433
-0.356272
1.2388
-3.03249
-1.02943
1.4837
-1.28869
1.5595
0.289594
1.00125
-1.07201
-1.07201
-1.84642
0.57691
1.80914
2.20697
-1.27682
1.47042
1.66049
-2.3044
2.20698
0.641644
0.965826
-0.590518
1.24839
1.66687
2.76504
0.41897
0.570948
-0.871077
0.383621
1.65874
1.59047
1.06037
0.0882078
-1.57958
2.03462
-1.95816
0.880476
-1.90867
-1.96684
0.351598
0.527089
0.823118
0.114191
0.953754
0.848089
-0.511528
1.29153
1.69485
0.658541
-2.05483
1.53145
0.855029
-1.81576
0.460137
0.499292
1.86332
-2.86498
-2.18537
-1.48847
-0.890022
-0.61686
0.731299
1.86662
-2.41518
-1.3395
1.35976
-2.73884
2.47444
0.464219
2.09387
-1.63419
1.12153
-2.38638
0.408886
-1.06272
-0.00150328
0.54145
1.01844
-0.467894
-1.0268
1.43652
1.91197
1.35308
-0.5068
3.14094
-2.92762
-2.92762
-0.292545
-1.41725
0.334052
1.55816
-1.50765
-0.878579
1.00815
-1.36037
-1.36721
-2.50854
-2.57532
-3.07567
-0.333897
-1.43728
1.02841
1.50385
-2.96897
-3.00473
0.740547
-0.273857
2.48965
0.813136
-1.4347
0.0621494
0.88503
-2.66542
1.20597
0.667372
0.166327
1.45137
1.62339
-0.214585
0.561761
-2.95636
-1.04919
0.0685326
0.947561
-1.30568
1.21195
0.757922
0.154241
1.16787
-0.32791
-0.683931
1.55257
-0.672797
-0.475053
0.270352
-0.962876
2.17095
-2.25088
0.901507
-0.0542504
-1.14828
-1.38312
-1.52135
-0.733671
1.37504
1.98071
1.50012
1.18954
-1.49294
-1.44245
-0.35003
2.87
-2.9995
-2.67005
-1.46467
0.657461
-0.593987
-2.40693
1.30511
0.24421
-1.06908
0.748379
-2.42246
-0.461649
-0.31699
-2.55018
2.51213
2.16853
2.70398
0.698943
0.335093
-0.570616
-0.769662
1.17584
0.209383
-2.11327
3.01917
1.96891
-0.253242
1.94909
-1.70676
-0.864348
0.156886
0.737787
2.16464
1.53257
