2.92113
3.10349
0.570104
-1.06083
-2.29487
1.18866
-1.61584
1.58537
-3.05948
1.25853
-1.62227
1.49107
-1.17303
1.77896
-1.31381
1.65789
1.58572
-0.430688
0.167754
2.19293
-1.10598
1.74578
-1.1264
1.84041
-1.99853
1.11891
-2.53457
-2.78161
-0.65248
-0.297725
-0.96738
2.45066
2.24735
-0.776554
1.65681
-1.3635
2.76481
3.0055
-1.08392
2.62683
-0.784578
1.00193
-0.125503
-2.25005
1.41476
-1.12178
1.06873
-0.0803458
-0.520191
0.206732
2.35582
-2.02327
-1.36224
-2.40215
0.37482
1.1113
2.71624
2.34251
0.641913
1.72837
0.465502
2.3229
2.31159
2.70506
1.06642
0.233986
0.0811729
1.43535
2.12123
1.86138
2.49585
-0.630058
3.04962
0.616185
0.469591
1.47673
1.67572
0.139257
-2.64417
0.352224
-0.569354
0.0365441
-1.13063
1.49475
-0.264842
1.19413
0.694849
-0.337241
2.36925
2.62995
-1.24897
-0.0204802
-1.8995
-2.53278
-0.747992
-0.171456
-1.48475
-1.98459
-0.867089
-2.96911
-1.16194
-1.46376
-1.73793
2.56323
-0.16188
0.945262
1.7642
2.98067
1.34693
1.30537
2.22863
-2.17367
-0.807888
-2.07232
-2.38045
-0.375427
-1.98041
-3.08417
-2.95298
2.88588
-0.633985
1.51026
2.11414
-1.4286
0.681628
1.05705
0.520501
-2.36556
-0.688529
-0.304764
2.50328
-2.35965
-1.69608
-0.470947
0.808299
1.12078
-0.36969
-2.09316
-0.84641
1.50138
-1.00387
-1.35195
1.08294
2.95246
2.18994
1.11129
-1.99876
1.32171
2.4451
-2.78836
0.959214
1.52603
2.55424
0.590889
0.728551
0.732581
-1.31839
2.03877
-0.0882953
0.754137
2.86148
-0.0285608
-0.641613
2.98282
-2.22171
-2.92653
1.51376
1.51657
2.15057
-2.81187
-2.37697
-3.05991
-0.899485
-1.22355
2.86114
0.858113
-2.98944
1.4817
1.25959
-0.630812
-2.64174
1.91383
-0.290786
-2.12194
-2.86247
-0.618935
-0.432002
-0.79147
1.10414
-2.14719
2.50237
2.80869
-1.9288
2.96796
-2.36567
2.25353
1.91982
0.516945
-0.619579
-1.8669
2.18815
2.43584
0.943478
-1.59547
-0.943829
-1.9795
1.02915
-1.89983
2.70398
0.812959
0.354841
2.00421
0.938626
-2.00953
-3.08964
2.77537
-2.87635
-2.25335
2.34912
1.61638
-2.15274
2.89904
0.618135
-0.766752
-0.400869
-0.139329
-0.182376
-1.34917
1.89689
-2.14627
-0.495345
-0.630431
1.11026
0.335128
-2.39999
0.104207
2.43089
0.830564
-0.755432
-2.42289
0.406749
2.26398
1.84661
0.205451
-0.480538
-2.1648
2.72079
-0.480288
-2.68931
2.74492
-0.762089
-2.97419
2.40455
-0.806048
-2.43324
-0.935582
1.63717
-1.48169
-0.831911
-0.508337
-1.63791
-2.83092
-2.09234
-1.25417
-1.85996
-2.527
2.70774
-0.945946
0.824243
3.02368
2.96509
-0.134491
2.03871
1.65324
-1.69544
-2.22719
2.42006
-2.1238
2.8387
2.61621
2.01025
-3.09634
-2.17129
1.34709
-2.50977
-1.26077
-0.665299
1.20527
-1.82292
1.00263
0.218965
1.41096
-1.51346
0.65659
-2.48643
0.901342
2.59263
2.49147
-0.391413
1.15566
1.1393
1.79555
-0.628877
1.22308
-2.41816
0.965556
1.26996
0.585567
-2.41923
0.72255
-0.555211
-1.46812
2.79021
-0.160698
-1.29792
1.18423
2.34897
-2.22456
-0.432652
2.69788
1.62575
-0.759723
2.62242
-1.63623
2.98683
0.185511
-3.06468
-0.394305
-0.897207
-2.02234
1.50465
1.91228
1.97947
-2.27423
-3.01579
2.41846
-2.94494
1.40484
3.10676
-1.23694
-1.05645
-2.67453
-2.49791
-2.03672
-0.373231
-0.460331
0.462308
-1.06841
-1.12895
-1.44124
-2.72239
1.10432
1.93978
-0.0454782
-2.40321
2.97835
0.717099
-0.81891
-1.2742
-0.686357
-0.293717
2.22271
2.83842
0.693795
-1.02074
2.53235
1.99095
-0.900674
0.574883
1.65651
-3.11267
-1.82557
-2.07667
-0.876378
-2.36833
-1.99991
1.87145
0.797913
0.0789843
2.6716
0.768948
-0.44684
0.930294
-1.82464
1.85829
1.50798
-2.46446
1.76919
1.94019
-2.44682
1.68287
-0.94142
-2.14966
-1.22277
-2.52815
-2.40292
-0.612173
-2.84966
-0.761824
0.376587
-0.469325
-2.9979
2.99381
2.48984
0.758951
-1.20635
2.81075
-2.07775
-2.83874
-1.93043
-2.02833
0.0659939
0.288101
1.66003
-1.10578
2.91484
-0.750076
-1.05002
-0.393498
-1.10278
-0.0977595
0.44997
1.40112
-2.88337
-0.913233
-2.58652
1.94764
-0.441462
2.97674
-0.134596
1.24225
3.05613
-2.88597
-0.737456
2.21272
2.84169
-2.28583
2.017
0.812139
3.13998
-2.00736
2.69006
2.8355
-2.97963
-1.09089
-2.69623
1.27129
1.09203
1.03288
1.48039
-0.37331
-0.109418
-2.64731
2.61631
0.0634989
0.353291
-2.22722
-1.57566
1.33128
2.73054
0.102005
0.20362
1.08489
-0.4813
0.901567
-0.616882
-2.42009
-0.050799
-2.46897
-1.40881
-2.60777
1.81749
0.92015
1.26161
-2.64509
2.39001
0.531182
-2.19277
0.00531779
-2.13622
-1.87398
2.87336
-2.22436
0.611238
-1.05594
1.73288
-3.00931
2.26817
0.485153
0.646188
1.3052
0.241543
1.13518
1.93515
-2.79417
-1.17675
0.00299837
-0.450522
1.44134
-0.908558
2.66526
-2.18019
-0.784884
2.3558
1.17582
1.17815
-1.24669
-2.83796
-2.02548
0.778774
-2.62335
-2.37267
1.82614
3.13916
-2.99519
-0.654489
0.810276
-0.71786
0.171821
2.58012
1.85737
0.277939
-1.06917
1.35529
0.763952
-3.03246
-3.08655
0.97878
3.12372
-1.07236
0.103406
-0.821298
-1.03582
1.61533
2.91237
-0.986752
1.90147
2.37239
-2.4871
2.90412
1.36276
-2.18758
0.581738
1.31346
-0.387644
2.45303
0.503986
0.505783
-1.74855
-0.0181939
-1.91187
-0.918298
-0.497461
1.30572
0.71836
2.47955
2.83875
-0.95646
1.43692
2.46651
0.246446
-2.97154
2.96841
-2.30769
0.990994
-1.12778
1.47912
0.255519
-1.88352
-1.66549
-1.15327
-3.05806
1.94971
0.191351
-0.113148
0.589499
-1.98756
-3.0664
-0.67138
-3.14135
2.7145
-0.258227
1.87672
-3.05812
2.77158
-0.742052
-0.218544
2.19169
2.85303
1.05318
1.67895
-1.08886
3.12834
-2.7556
0.6005
-0.469468
-1.47519
2.97266
2.2615
2.58071
1.39045
2.02703
-0.96629
0.494118
-1.44702
1.3327
-2.53429
-0.0205382
1.88531
0.52344
-0.829029
2.7803
-0.348385
-1.47177
-1.93527
-0.733163
2.91015
-2.44953
-2.77403
-0.968105
2.36981
-0.36334
1.65834
-2.6315
2.25156
-2.46034
-0.74998
-0.0832008
-0.0784614
-1.21034
-1.41637
0.191229
2.33897
-0.359519
-2.49181
2.51473
-0.169054
-0.930596
1.99286
0.284153
1.2817
-2.37006
-1.37837
1.1084
-0.697677
-3.05315
-2.27652
2.56055
-2.80043
-1.10548
2.57898
1.76706
3.09608
-2.96897
2.99049
1.17238
-1.96341
-0.414037
3.13839
-1.42481
1.08084
-0.561153
-1.21948
0.537643
-0.163715
1.89361
0.466353
1.86763
-0.995815
0.829875
2.56429
1.94853
1.22504
2.87336
0.242683
1.05168
-2.08354
1.88397
-3.0553
0.567835
-1.56533
-2.89667
2.59182
-1.18025
1.71251
-0.344151
2.91044
-0.446937
0.744497
-0.714856
-2.00724
1.91772
0.243888
0.453152
1.69078
2.33364
-2.17049
1.50913
-1.1476
1.38295
-0.149034
-2.01925
0.806713
-2.21944
0.584702
-0.876435
-0.212239
-2.69254
-2.85967
-2.65437
-0.113277
0.35171
2.74181
0.637872
1.10028
0.4087
1.32602
0.817091
-1.31922
-2.22628
2.32253
2.30348
2.62143
-1.09082
-2.7423
-2.22465
-0.0852629
2.74028
1.51434
-2.89563
-0.136949
-2.59675
-2.5983
-1.34409
-0.271479
1.452
-0.663629
1.67272
-2.96643
0.0652943
3.10374
1.89612
1.40711
1.91275
-1.93989
-3.04648
-0.986433
0.743804
-3.00321
0.327157
1.35251
0.220891
-0.684036
-0.0906461
-2.81748
2.51263
1.7743
-2.6823
-1.86314
-1.27896
0.829432
1.57394
-0.711634
1.28217
-0.870004
-0.347557
2.94493
-0.252797
2.76579
0.0165949
-0.030716
-2.16587
-2.25204
-0.96972
-0.514169
2.22672
-0.804694
1.60301
0.769292
-1.61028
1.89887
-0.990084
-0.548771
-2.56757
1.64616
2.82928
1.42322
-2.59921
0.886249
0.609223
-1.89681
3.1124
-1.97184
2.23423
2.97952
-1.81129
0.276613
-0.149295
-0.0353344
0.106207
-2.57462
-2.02003
-1.01244
-2.18056
2.66769
-2.91001
1.97695
-0.825778
-0.977027
-1.28944
2.61994
2.79555
-0.272631
2.86161
0.986451
2.68336
-1.0061
1.29754
1.75386
-0.846954
0.814523
1.04484
-2.43634
-0.016156
1.30031
-1.68226
-2.34786
-1.5623
-1.26182
1.56608
-2.30147
-2.61881
1.06869
-2.21667
-2.12472
2.54336
1.16213
2.43338
2.53645
0.455718
0.180843
-0.929545
-0.146071
-1.96568
1.6508
1.08246
-3.03349
-1.61356
2.63064
-2.42988
-2.0199
-1.99631
-2.83305
-3.08409
0.560283
2.80545
2.5935
0.973366
0.892683
-0.433976
0.989809
-2.15738
-2.93374
1.31737
-1.14243
-1.79655
2.21819
2.26884
-2.75157
-0.802722
-0.248625
-2.4854
-1.6899
-0.794249
-0.815781
0.760813
-1.76433
0.485661
1.96806
0.87409
0.516942
-0.619977
-2.16812
-1.40316
2.08874
-2.16641
-2.48643
0.290868
0.891281
-2.23948
-2.71669
0.139608
3.05571
1.89326
0.344255
1.94832
-1.51426
-0.583649
2.9039
-0.109407
-0.300205
-0.189291
2.1615
-2.38767
-1.93691
-1.88162
-1.0219
-1.73532
-1.29184
-1.20155
0.60112
0.734209
0.311797
1.79214
1.20108
1.00351
-1.8016
3.12613
-2.21928
1.01075
-0.061755
-1.25753
-2.06009
1.0407
-0.0626547
0.915164
-2.43565
-1.03351
0.798747
2.35739
-3.12474
-1.30991
-2.93546
-2.90891
-2.81744
-1.46416
0.149284
-1.98635
-0.142423
1.10596
-2.05706
1.02629
-1.97275
-0.656072
-0.657183
1.3489
-0.862325
-0.525017
-1.93413
-1.37256
-0.25627
-2.2649
0.690881
-2.95096
-0.729244
-1.38368
-1.06422
-0.898589
-1.32939
-2.98255
-2.69042
-2.26741
-1.31444
-1.15564
3.03878
3.05908
-0.185544
-2.48135
-1.38249
0.681517
-0.00684203
-2.58496
-2.0802
0.29202
2.81456
0.0934836
1.57752
1.64061
0.372741
-2.5438
-1.78753
-0.998495
2.55405
0.0142836
0.630153
2.66839
-1.13728
-1.3422
3.12939
1.65802
2.90161
-0.721864
-2.91088
-2.16429
-1.69987
-0.889183
-2.13505
0.782555
2.05663
-0.946047
