2.26016
1.22342
2.43653
1.08749
0.363269
2.09509
2.44226
2.17853
2.36963
0.811626
1.07163
1.74701
1.80287
1.60918
0.980058
1.05341
1.53502
0.849025
2.64335
0.873988
1.56316
2.57251
2.00522
0.448981
0.73703
1.24734
1.23728
0.48684
0.491857
0.774216
1.20075
2.54471
2.2662
2.40172
1.83495
2.45765
2.67557
2.10946
0.664411
1.83367
0.836025
1.86275
2.31743
1.04631
1.68033
1.50069
1.92366
2.79549
3.00527
1.50957
1.80018
2.05929
1.4292
1.01179
1.7383
1.00477
0.307597
2.22347
1.53545
2.58984
0.861769
1.6461
0.565284
2.71803
0.500969
0.955817
1.57501
1.57162
0.853767
2.32176
1.46098
0.534351
1.64033
1.1491
1.6824
2.0442
1.66409
2.29701
1.97668
2.5919
1.32469
1.62953
0.927475
1.66763
2.50227
1.26444
1.33838
0.98715
1.36846
0.862873
0.955559
1.85628
1.75402
0.103651
2.0247
1.79916
0.620579
1.87611
0.492086
0.479646
1.71269
2.54381
0.59704
0.965297
2.95172
0.607662
2.16903
0.217875
1.8061
1.93015
1.28464
0.298432
1.37758
0.735473
0.501584
1.75221
2.06328
1.95741
0.617662
2.27023
0.244016
0.738516
0.495825
1.57313
1.74675
1.6641
1.79401
2.48272
0.886136
0.994835
2.39807
0.392217
2.27494
0.689468
0.825208
1.70058
2.65516
0.146685
0.280499
1.51016
2.02901
1.97721
1.38357
2.07759
1.96376
1.20988
2.18195
1.88925
1.47861
0.935621
1.71933
0.596658
2.19943
1.63603
0.341141
1.4925
1.71599
1.98408
2.27371
0.978476
1.73862
1.32203
1.76059
1.96955
1.97789
2.0166
0.326647
3.10642
1.72165
2.29138
1.58036
0.419158
2.0111
2.23314
0.97477
1.67086
1.35376
1.65802
1.00012
1.60779
1.10704
1.54371
2.41158
1.11661
0.370419
1.57991
0.209506
1.23996
1.67365
1.66413
1.15344
1.86125
1.44885
1.91482
0.851211
1.94769
1.8354
1.11097
0.298282
2.49757
1.03015
1.40769
1.22967
1.73489
1.46843
0.989993
0.728076
2.65231
1.83049
1.49332
1.52334
1.01445
2.86578
1.47344
1.08203
0.705907
1.29591
2.01603
1.27593
1.26278
2.20546
2.33299
1.27417
2.1288
2.39984
2.07336
1.97122
1.56647
1.9697
1.94032
2.07091
2.02409
2.18733
0.695456
1.9189
0.829156
1.31176
1.08131
0.972913
1.26063
0.572368
1.683
1.14453
1.5524
0.826729
1.36868
2.29176
2.84201
2.68061
1.6969
1.72608
1.41172
1.22334
0.803718
0.876973
1.31683
1.15513
1.67821
2.44945
1.50451
2.69637
1.6265
1.9593
1.89547
1.45387
1.23647
1.74965
1.60917
0.259981
2.07891
0.949402
2.56793
1.87279
1.2693
2.17906
2.14635
2.19292
1.23978
1.60246
2.14755
0.676621
1.45319
2.62003
1.85086
2.67591
2.46497
1.27523
1.98641
0.963602
1.9502
1.10256
1.73146
1.71852
0.608175
1.76186
2.0397
1.66452
0.954259
2.01476
1.46605
0.884458
2.80858
2.12257
1.95184
1.90652
2.96731
2.82924
1.37512
0.967494
1.75994
0.496778
1.161
1.1732
1.97233
1.20903
0.637057
2.66313
0.922748
0.710689
0.819802
0.95297
0.846331
1.99166
0.922537
0.831528
0.906305
1.99942
0.792471
1.79618
1.24603
0.703648
2.16763
1.50706
2.68286
1.25324
0.698594
2.08523
1.37236
2.09319
1.47411
0.924725
0.439673
2.69241
1.41133
0.910259
2.64429
2.04851
1.35892
1.50811
1.37499
1.4131
1.34617
1.64324
2.05424
2.27413
1.57277
0.89194
1.0759
2.23378
0.857526
1.17096
0.868961
2.11835
0.796492
2.12532
1.31693
0.912899
1.28138
0.668779
2.40761
2.49626
1.28359
0.38227
1.28046
0.746925
0.925185
1.9197
1.38406
2.59631
0.836835
0.983352
2.75928
1.23117
2.47234
2.85345
2.33948
2.06767
0.812461
1.80242
0.690115
1.98744
1.40386
0.765292
0.709534
2.06917
1.40216
1.80904
1.11272
1.9293
0.838709
0.422521
0.764115
1.06804
1.29843
1.57575
1.05744
1.69452
1.7499
1.12617
2.62384
0.99813
0.982119
1.8043
1.25767
1.59659
0.12042
1.96516
0.935988
2.90653
1.97606
1.65219
1.87634
1.38743
2.51311
1.9599
0.853688
2.2767
1.68471
0.383219
1.37266
1.00159
1.22134
2.09789
2.22308
2.51352
2.87585
0.564902
0.352971
1.25001
2.63168
0.216608
0.584588
1.89478
2.06495
1.65491
1.26321
0.607378
1.13587
1.65175
2.35947
2.62065
1.46616
2.16828
0.927954
1.60703
1.62832
1.15152
0.907512
1.49123
2.9455
2.60819
2.76784
1.84784
1.60579
1.96866
0.648727
1.09767
2.34426
2.17627
2.66163
1.92049
2.1605
2.04035
1.32627
1.36084
1.92101
1.83361
1.85853
0.24606
1.58848
0.891516
0.819709
2.22397
1.57662
2.09668
1.40047
2.31649
1.28245
0.514218
1.30728
2.56396
1.01123
1.23663
2.40585
2.88849
0.853722
1.00156
1.65216
1.73343
1.63934
2.4625
1.0013
2.33299
1.21818
0.283312
2.56941
1.62911
1.71582
1.26001
1.3979
2.47474
2.61597
0.905682
1.49614
1.44986
1.36543
0.0897856
0.485716
1.2943
1.07419
0.463982
0.903237
1.17595
0.861683
1.11308
0.781773
1.38981
0.891981
0.6221
1.13167
1.65822
2.76615
1.45706
1.79109
1.49609
2.54434
2.32407
1.81095
0.739963
0.988729
2.79646
1.25599
0.717957
0.692205
1.7016
1.22109
2.11625
0.459129
1.50798
1.60974
1.63121
0.37634
2.60258
2.68764
0.963908
1.93901
0.446063
2.58132
2.23458
1.3515
1.8123
1.25306
0.955312
2.04514
0.359438
1.4814
0.440488
0.623222
0.751004
1.11497
1.86011
1.02798
1.24195
1.40016
1.73113
2.15141
1.32958
2.10444
1.72368
1.10696
0.846719
0.371897
1.53254
1.98129
0.620968
0.289277
0.688671
1.63695
1.48674
0.621611
1.68397
0.556621
1.71251
1.66379
1.76095
2.06272
2.46711
1.44379
1.19491
1.00653
1.71726
1.0522
1.07759
1.33464
0.883734
2.48959
0.701463
1.04459
1.75887
1.81919
2.33465
1.85128
1.14783
2.24131
1.23096
1.94194
0.525865
1.74235
1.55512
1.69388
1.86893
2.58649
0.431305
2.11109
2.51438
2.17778
1.3198
2.52448
2.58708
2.45298
1.1892
0.988308
0.911159
2.93142
1.44259
1.22259
0.355505
1.70756
1.25695
0.856506
1.90692
1.72105
1.48375
1.65753
2.20108
1.39381
2.93064
0.661734
0.443311
2.02897
1.19247
2.99101
1.89678
0.289952
0.394964
2.69663
1.61787
0.291865
1.39113
0.58457
1.56969
0.33558
2.04226
1.99619
1.80232
1.58109
0.823113
1.2635
1.36854
1.67987
0.645053
1.61879
0.713079
1.33655
1.07051
0.560598
0.157111
2.84789
1.36023
2.12125
1.68323
0.722976
0.250275
0.234923
1.01687
1.27334
1.77987
1.64563
2.14532
2.5419
1.65738
3.05165
1.75675
1.12262
0.842189
0.75615
1.08461
0.849466
0.575957
2.01987
1.82275
1.82464
1.68296
1.73394
1.99528
1.72762
0.338295
1.61717
1.40626
0.367546
1.26914
0.289585
1.16933
0.786986
2.03964
0.40336
1.78914
2.20735
1.50292
1.97901
1.88609
1.24717
0.949025
1.68402
1.82781
1.10005
0.941083
0.702141
0.178274
2.67992
1.48199
1.95201
1.63052
1.55888
1.12323
1.79587
1.25708
1.54553
1.83381
0.783753
1.98712
1.17603
1.90659
1.31377
1.78848
1.43319
1.87637
0.27958
2.7659
0.552213
2.65307
1.43069
0.948072
1.63544
0.984744
2.08839
0.494194
2.75683
0.999035
1.29569
0.498097
2.16646
1.83103
1.24273
2.76275
1.54358
1.19612
0.383468
2.23043
0.997769
2.72116
1.76348
1.70595
2.38328
1.59045
1.77011
2.5885
2.82515
2.91213
1.46905
0.386798
1.99797
1.98175
1.18342
1.29411
1.6846
1.95022
1.00105
1.35513
0.377878
1.43751
1.7823
2.18613
1.00567
1.46138
1.15606
0.78847
1.40657
1.03042
0.205164
1.33779
1.9382
1.83809
1.57146
2.67393
2.41705
2.77985
1.19093
1.21473
2.51943
1.91656
1.82383
0.896165
1.77802
1.09342
0.529639
0.921476
1.74097
1.84104
1.9458
0.372527
1.96307
1.2067
1.64384
1.43693
2.16286
3.02319
0.801577
1.39995
1.75878
1.8699
2.32711
1.92298
2.43034
1.4036
1.70584
1.86906
2.19559
0.545988
0.845901
1.61753
2.08315
1.4981
1.19484
1.26808
1.95375
0.34913
0.617431
0.116793
0.620607
0.647386
1.43442
1.13554
1.34839
1.22535
0.992697
1.76984
0.823019
1.76793
2.56719
1.96087
2.45908
1.78189
1.20331
1.04438
1.30895
2.67511
0.444833
0.526439
2.13598
0.636836
1.66814
1.65555
1.53779
1.84141
2.10778
1.60543
2.17732
1.90219
2.69447
2.19114
1.57952
1.18302
1.84032
1.12266
0.494054
2.02061
2.46494
2.33693
0.885079
1.6074
1.99844
3.11544
2.10882
1.54366
2.78897
0.803411
0.768794
1.66377
0.775223
1.84069
2.33659
2.02256
1.00743
1.02392
0.349954
1.52132
1.73561
1.66549
0.243951
2.23267
1.04353
1.40202
0.251758
1.14609
1.8526
1.49913
1.5899
2.71176
2.22387
2.33682
0.56212
2.80426
2.57628
2.60515
0.823494
0.91825
2.12814
1.84153
1.9271
1.6822
1.49454
1.44351
1.82186
0.932692
2.24148
1.10193
0.521562
0.710351
1.84133
1.81406
0.913242
1.93248
1.12838
2.76043
0.820846
2.59165
2.48928
2.4484
1.65004
0.916616
2.10763
1.41437
1.83196
1.18188
1.4304
0.451417
2.65868
1.47428
2.62593
0.957181
2.16763
1.39796
2.39323
1.66896
2.49327
1.62591
1.76635
1.75245
1.54906
2.07667
1.56118
1.46282
1.98958
1.0235
0.944599
3.06919
2.22496
1.47034
1.24894
0.178215
2.10036
1.83237
0.50674
0.888345
1.94579
0.897356
2.2887
1.52729
1.66776
1.24342
0.985463
1.88621
1.88338
2.20959
1.574
1.27591
1.15256
0.520337
1.38004
