1.97967
1.63031
2.46203
1.09698
0.276175
2.44839
0.691975
2.43429
2.66249
0.670223
2.7381
1.63423
1.79112
1.87194
1.82024
1.16529
1.92008
1.17589
2.47169
2.355
1.78192
0.522226
2.2573
2.68513
0.658663
1.31243
1.00397
2.56823
2.06732
0.663356
1.22918
2.55943
2.56521
0.88161
1.13948
2.35899
0.563435
0.815139
2.26505
1.23905
0.567282
1.26695
2.25322
2.25322
1.31386
2.33286
2.24946
2.8875
0.825491
1.72999
1.28924
1.98135
1.43766
0.712147
2.08124
1.15286
2.5583
2.20225
1.60689
1.72924
0.783336
0.989014
0.49536
0.367545
1.67305
1.07396
1.07396
1.38501
2.63954
0.646715
0.639988
0.545705
1.64919
1.5022
0.936948
1.94409
1.1437
2.69778
2.06342
2.6434
1.63459
1.63459
2.39636
0.921695
0.592854
1.97551
1.93251
2.19887
2.19887
0.652332
2.96196
1.01909
1.33092
2.72776
0.993768
2.01653
0.456757
1.42743
0.490869
2.09351
0.992681
2.67347
0.282099
1.36312
0.907183
0.316659
0.792239
2.76368
1.66231
1.22785
1.36616
0.35482
2.04894
2.65592
2.95011
1.7281
0.941054
2.28816
2.95755
1.14662
0.299325
2.72972
0.438347
1.40205
1.15881
1.38689
1.21054
2.81075
1.89604
0.647265
2.45048
2.69101
2.23046
1.91001
2.74937
1.53516
2.50974
2.48478
2.42398
1.61394
1.38371
1.76757
1.57814
1.16464
1.41107
2.42717
0.487276
1.48232
1.59873
2.70281
2.15473
0.441873
0.792416
1.50371
2.67359
1.61497
1.61497
2.06577
0.574488
1.18643
1.29091
1.81547
1.1196
0.608325
1.51336
0.462195
3.02806
0.27155
1.92007
1.26897
1.36186
2.90537
2.22076
2.0075
0.994195
0.994195
1.31447
2.37693
0.303347
1.70181
0.920793
1.65736
2.46815
0.325334
0.274188
1.59384
0.0458498
2.6491
1.81461
1.90488
1.02324
1.98716
0.826205
1.56009
2.05577
0.820245
1.33087
1.39965
0.924291
0.600108
1.01738
1.34651
2.25412
1.05037
2.51215
2.49133
1.5946
2.59154
1.2003
1.59667
1.04392
1.06528
2.7042
1.81545
2.29938
0.612212
1.45992
2.5659
1.42984
0.588674
2.40865
0.806206
2.67246
2.07545
0.70573
2.07334
2.08522
1.56138
1.02037
2.17354
1.86217
2.3934
2.17495
2.96365
1.87793
0.894068
1.32486
2.18871
1.03406
2.06123
0.497988
1.8976
2.04492
1.27937
0.843077
2.04266
0.440194
2.6746
0.499082
1.26001
1.95154
1.68215
1.35497
0.818634
0.840287
1.19682
0.774887
2.94721
2.33549
1.78834
0.0772556
2.31721
0.7193
1.85249
2.66403
1.74762
1.24014
1.59097
2.01468
1.70591
0.92011
2.85058
1.77924
1.23219
2.48386
2.2883
2.13703
2.08956
1.76872
1.76872
2.59832
2.06218
0.534838
1.79047
0.489988
2.44991
2.47493
1.66716
2.49194
0.851761
1.13782
1.88193
2.21763
0.511145
1.32643
2.59834
2.04
1.18614
1.4449
1.61621
1.19262
2.73931
2.20381
1.8109
1.23631
2.91517
0.379973
1.49358
1.44971
1.60265
0.531076
2.36584
0.729797
2.42557
2.61761
2.12421
0.556836
2.65526
0.744631
1.91511
1.54527
0.794069
1.09082
2.29668
1.9528
0.931421
2.19709
0.672124
1.95153
1.14576
0.722738
0.683314
1.82764
0.561758
2.33404
2.16176
0.659095
1.48439
0.547151
1.71914
0.994064
0.607933
2.61837
1.7647
2.65988
2.65395
2.13986
1.79096
1.2054
1.58997
1.48821
1.31488
1.67634
2.03211
1.99432
1.99432
0.893792
0.771281
2.08089
0.652086
1.42081
2.50914
2.20054
0.577575
2.24226
1.5294
2.52179
1.15296
0.809851
0.157816
0.476412
2.00765
0.588263
1.14659
0.718927
2.3986
1.36111
1.71427
2.69055
0.747558
1.02918
2.81831
1.89988
3.10383
0.974313
1.23489
0.531419
0.637055
1.6594
0.940981
2.08355
1.416
2.59091
2.59091
1.65407
1.88952
1.18513
1.71448
1.69576
0.399991
0.759789
0.600548
2.36441
1.00376
1.96801
1.16425
2.31407
1.84735
1.30934
0.53176
0.612267
2.01657
0.800462
1.76231
1.46481
0.431879
2.06578
2.90357
2.75854
0.792539
2.29381
1.53569
0.999755
1.1746
2.05119
2.05682
2.2245
2.30934
2.94992
2.68462
2.39497
0.300138
1.07125
2.5083
0.845479
0.287783
0.567582
0.478303
2.07684
0.386224
0.752986
0.685556
1.93647
1.21866
1.71798
1.71798
0.700574
0.700574
0.529727
0.945428
2.44362
1.06412
0.410841
0.724292
0.400391
1.88897
0.993288
2.42869
1.53489
0.142445
0.313983
2.8348
1.64384
2.45901
2.02794
2.55955
0.86488
0.543762
0.340351
2.51345
2.26562
1.27299
1.77018
2.57267
2.31048
1.57517
1.94464
1.94984
0.283082
2.79636
1.69315
2.58649
2.55058
1.31086
1.19367
1.34508
0.710991
2.11829
0.543786
2.50692
2.50568
0.974531
2.04313
2.44438
0.743703
1.88421
0.906829
2.17733
1.63965
1.84403
2.18727
2.35282
0.225274
1.06577
0.503105
0.116858
1.4058
1.98823
1.8687
1.75856
0.960402
1.93357
0.579106
1.35135
1.14272
0.487333
2.74623
0.468926
1.32704
1.32704
0.619397
2.3917
1.30545
0.84816
0.88804
0.938134
2.21483
0.715149
2.21848
1.92198
1.51512
2.63607
0.752421
1.24825
1.59659
0.66388
0.269913
1.9259
1.72589
2.37235
2.5147
1.19404
0.997932
2.25728
1.6679
1.83545
0.613228
0.441907
1.63613
1.86201
1.75665
1.90216
2.64129
2.10148
0.6331
1.34922
2.45379
2.70627
2.05841
2.69255
0.603124
2.09095
0.52515
2.13618
0.379296
1.43657
0.305612
0.575802
0.731884
1.90248
1.81803
2.87468
2.37436
0.685067
1.35882
1.40589
2.69928
1.0937
1.7346
1.7346
0.678109
0.305416
1.47062
1.52732
0.371549
2.22333
0.68591
0.993631
1.25328
0.643424
1.40652
0.401089
2.56366
2.35445
2.24515
2.61062
2.2783
1.3558
1.29635
1.1353
1.50323
0.88659
2.54777
1.29537
2.24661
2.5763
1.79808
0.648649
1.21456
1.03595
2.62926
1.77481
1.08056
0.754808
1.21739
0.999357
2.6459
1.53499
2.16209
2.02189
0.873874
2.49244
0.600408
0.886005
1.91276
0.832356
0.255887
2.46769
2.54799
0.999979
0.199349
0.547384
2.6936
1.09366
0.804836
1.27669
0.226988
1.15736
1.11943
0.973804
2.24496
2.35726
2.02154
1.50399
2.25424
2.07873
2.98494
2.78716
2.5844
1.35239
2.63152
2.37759
0.819684
0.178881
0.377895
2.64776
1.33598
0.547322
1.99675
0.338337
1.98017
0.425865
2.2035
1.0786
0.671959
1.62773
1.82192
2.05545
1.45907
1.4545
2.70002
1.54273
1.48809
1.04905
1.17703
0.614677
0.303515
0.583106
1.70294
2.25184
1.78283
0.440802
0.237429
2.43661
1.17311
2.00692
1.55326
1.8955
1.71619
2.64062
2.34401
2.9628
1.95875
1.43772
0.777021
0.40385
1.8147
2.88298
0.424863
1.83133
1.42625
0.942781
2.06363
1.91429
2.24512
0.889117
0.218949
1.5428
1.46168
0.377011
2.30485
2.96583
2.08919
0.695361
2.33445
2.33216
0.426327
2.68725
2.39525
1.66208
1.62523
1.67114
0.988187
2.32198
1.70169
1.22568
0.934886
0.624576
1.29625
0.249161
1.39537
1.82398
2.69191
1.99407
2.09561
1.37933
1.17568
0.873109
0.289675
0.769459
1.42317
2.04469
2.68958
1.48642
1.7165
1.76829
0.539384
0.354338
2.49912
0.517884
2.66648
1.59896
0.8952
1.86762
2.46316
2.30738
2.17452
2.83827
1.85108
1.93052
2.14198
1.93985
1.16527
2.18381
0.993479
1.87406
1.03812
0.373279
1.09299
0.896468
2.87476
1.2588
2.52315
2.50245
1.23264
0.715408
2.01019
0.644136
2.75069
2.51316
0.364854
1.78039
1.94759
1.45485
1.91339
1.28195
0.74845
1.36357
2.51842
0.39233
1.60777
1.43987
2.13682
2.45161
2.41716
1.78085
0.705298
1.10827
1.53767
0.350566
1.89093
1.84091
0.90674
2.41499
0.512736
2.21335
2.64325
1.10041
1.96091
1.96091
0.309511
2.40578
0.463241
1.5708
1.43918
0.439278
0.96396
1.52479
1.4906
0.994208
0.263952
1.99286
2.72143
2.72143
1.77247
0.824515
2.98854
2.14672
1.23889
0.127297
1.00856
2.57512
2.66132
0.894622
2.00117
1.52131
1.24131
1.72563
0.571476
2.05582
2.14259
1.90308
1.72911
2.03967
1.45159
1.96406
2.19543
0.634913
0.247392
0.813044
1.65763
1.23685
1.61656
1.01365
1.44028
0.338803
1.15003
0.917014
1.66466
2.60435
1.9731
0.520811
1.48073
1.77614
2.37637
1.40878
1.15204
2.73436
2.64762
0.831921
2.31586
1.71913
1.9238
1.5133
1.18709
2.19056
1.71976
1.36695
0.974651
1.31114
1.05592
1.6235
2.17488
0.953077
2.24788
2.56116
1.59226
2.56999
0.595529
2.45339
1.04507
1.86704
2.91122
1.2376
1.80709
2.73009
2.09431
0.606172
2.08881
2.79511
2.79511
2.36336
1.04662
2.40979
1.65378
0.513602
0.889902
1.03577
2.04594
0.562642
0.397736
1.06742
1.34236
0.0504701
1.36253
2.04022
1.34941
1.23918
2.79154
2.18296
2.35131
2.57655
0.491976
1.09974
2.49694
0.77857
0.732026
0.796408
0.750993
0.51804
0.70564
2.3679
1.26863
1.51936
0.600552
2.68006
1.14822
2.58454
1.87328
1.6476
1.33651
2.64506
1.38562
0.973926
2.86364
1.52393
2.43
2.40056
1.12516
2.05196
2.54109
2.01033
1.93796
1.31953
1.31333
1.44614
0.907937
2.32767
1.11094
2.12864
2.23153
0.637957
1.58586
2.22413
1.21903
2.49583
2.25384
2.04105
1.65787
1.54204
2.10571
2.68282
1.77234
2.27861
1.67242
0.954298
0.317188
2.15216
1.74753
1.20821
0.11904
1.48033
1.60878
0.519716
0.599199
1.31449
1.08866
1.26996
1.7092
1.60997
1.13768
2.21543
0.971896
0.515608
2.43075
1.66252
1.48514
0.943417
1.54197
1.4508
