38.4626
32.7916
44.9375
33.1026
49.0292
46.8362
29.0704
27.6794
29.8334
39.717
29.82
40.3909
33.2389
81.7441
33.1561
34.4751
41.2945
28.6982
24.7356
36.1815
32.5557
34.3787
40.1158
31.3442
42.2173
27.5005
27.7329
44.1827
26.721
27.0819
57.0392
31.3112
67.9944
37.735
58.1698
29.3755
14.2744
18.3051
113.707
48.4909
130.947
40.9607
27.8766
43.0708
33.9821
29.9065
42.9829
32.5057
29.0937
47.3096
59.7888
28.2061
36.6197
1.08339
53.1842
49.7004
3.14095
48.2513
30.1583
62.7273
35.2031
51.5387
27.4842
26.1538
120.343
101.914
43.3002
34.6031
26.7877
28.0482
28.1836
44.9573
37.0669
34.2967
47.1951
42.5327
52.1577
31.1742
43.1803
27.287
27.0449
47.5139
101.853
66.2111
34.7151
31.8025
56.8425
39.6835
77.3195
46.6242
60.4546
26.8719
36.8871
41.7095
33.927
43.8948
31.9526
34.2899
35.8403
17.4124
