26.4821
28.7275
127.219
28.4467
33.0389
36.2497
29.1867
46.9213
30.4675
43.3767
31.4925
125.886
30.1245
108.789
39.2934
58.3153
36.3395
25.84
24.4225
27.065
98.8152
29.0523
40.4698
28.7156
33.6426
51.6914
163.328
30.2922
27.9206
24.8728
76.4643
29.4363
27.7203
35.8531
58.7853
71.9502
19.6797
26.5998
94.1067
44.4167
37.9701
41.4345
27.4542
30.7139
35.6528
34.1261
37.8826
45.422
42.5463
67.4364
41.9652
27.6774
22.3423
0
35.3046
30.4491
0
48.8235
28.2178
28.5716
51.8757
56.5117
26.0165
34.9466
54.1936
44.1771
98.7634
32.9799
27.2518
30.4187
27.6676
48.0754
72.8187
32.2398
41.1188
42.682
27.5337
34.105
57.6211
31.6374
26.645
61.3713
28.4413
34.0119
36.0339
38.2666
48.0979
38.4225
30.9668
42.1658
48.3883
36.6557
28.9467
65.0469
52.2598
42.4065
33.9425
42.4815
49.3353
29.2678
