2341.98
1746.86
1746.15
2755.81
1831.63
2251.95
2546.13
2108.2
2329.53
2661.9
2857.03
2995.88
2681.09
2179.07
1703.11
2658.08
3618.84
2409.59
3762.97
2873.24
4085.2
2744.54
3792.22
2372.12
2781.97
3948.94
3537.91
2075
3166.48
2598.15
3529.99
1989.03
2258.55
4079.03
3062.76
3416.06
1862.59
2272.52
2592.04
3270.57
2746.28
2883.4
2305.68
1995.57
2748.25
1931.97
3112.42
3027.32
3513.11
3007.88
4109.25
2444.15
1647.58
153.62
2731.03
3012.18
326.588
2487.52
4501.82
2225.65
4125.71
2690.78
2003.62
1901.12
1744.41
2773.58
1644.69
3275.4
2156.38
3212.38
2081.92
3943.08
3793.73
3841.73
2454.06
2244.52
3492.78
2471.28
2585.31
3181.94
1986.19
4043.95
3750
2847.73
3240.04
2436.46
3401.56
3477
3064.79
2967.04
3633.82
2745.55
3242.32
3661.74
2760.45
2491.91
3906.47
3608.89
2112.97
1364.9
