10.4057
5.39052
5.55806
8.54323
8.67925
8.43397
13.506
6.75468
9.73293
5.72176
5.81032
7.82489
10.5993
4.92676
1.1664
11.4416
8.38073
6.83848
3.56098
11.0068
10.8992
25.399
9.1509
10.0128
6.92317
2.95303
10.8091
10.0191
6.61309
6.54847
5.54153
10.5554
6.27792
8.8853
10.7303
9.89843
4.62356
7.46058
8.3555
5.26581
6.09706
9.46306
8.91991
5.73172
9.50354
9.96953
7.69337
8.21982
9.35095
4.70044
8.22497
11.7529
5.73996
5.73996
4.8224
5.59073
5.59073
8.23764
10.5162
4.55701
10.3047
6.86503
9.68987
3.03826
6.80862
7.98444
6.95246
11.9007
11.0574
9.43626
6.9001
5.06326
5.39969
9.68271
4.762
9.98906
10.6044
12.3638
3.5244
6.92522
9.35318
6.73685
6.73685
8.35548
8.40633
8.87413
9.71497
7.61506
9.48492
6.77938
7.22079
14.2621
12.3833
3.30395
10.7148
4.64783
13.2924
10.5256
3.18801
12.0148
