0.971117
0.0813151
2.93118
-0.0420586, -0.0650013
0.338471
0.925771, -1.08167
-0.631507
-0.928229
0.618673, 0.560914
2.35079, 2.24256
-2.29438, 1.90384, 0.310132
-2.6904, -0.0480024
-2.50954
-1.1231, -1.1231, -1.1231
0.208655
1.22063, -2.69309
0.428453
-1.1383, -0.920286
-1.50764, -0.962492
-1.04869
-1.23476
-1.50696
-0.529592
1.21885, 1.21885, 1.49661
1.21086
1.34076
-2.79169
-2.07621, 0.964134
1.24554, 1.33481
1.13429, -1.32824
-1.05009, -1.23419
-1.69538, 1.12674
0.284164, 0.153589
0.140557, 1.51376
-0.516183
2.86103
0.445639, 0.726352
1.15478, 1.25385
0.229432, 1.20671
0.723334
-1.0521, -0.972936
-0.0308024
1.72335
-2.6051
1.16648
2.84888, 2.84888
-0.0506048
0.421133, 0.278489
-2.23618
-0.567896
1.06835
1.62906
-1.67592
-1.67592
-0.883624, 0.345102
0.847123
0.847123
-2.21206, -1.66515
-2.15527
2.39152, 2.16453
2.11416
1.56055, 1.81033
0.621478
-2.17401, -1.74513, 0.0466849, 1.55413
0.774009, 0.571881, 0.358104
-1.14752, -0.142157
2.75613, 1.54647
-2.92053
-3.13394
-3.1021
1.34456, 0.91422
0.283033, 0.32002, -0.239819
-1.16128
0.361907
2.48187, 2.82598
0.149554
-1.56821
-1.75392
0.624375, 0.624375
1.89747
-1.73388
2.74141, -1.50269
2.74141
-1.02981, -1.48483
-2.50193, -1.10904
0.964723
1.9038, 1.71761
1.68145, 0.563553
-0.8803
1.73542, 1.92997
0.691534
-1.6165
-1.86715, -0.368011
-2.9572, 0.853037, -0.201878
0.233165
2.79689, 1.48473, 0.450214
1.40634
-1.38449
2.25524, -0.337716
-1.42952, -1.57665
