1.23662
2.07464
1.89039
0.649698, 0.509296
1.89129
0.461422, 2.82281
1.01751
2.54116
0.200765, 1.22895
2.18343, 1.60288
2.34673, 0.482928, 1.15663
1.77368, 0.360069
2.66578
1.39838, 1.39838, 1.39838
3.08264
0.998166, 1.48636
2.40709
2.47352, 2.33163
1.92303, 2.50333
1.24548
0.896874
2.14722
0.591028
1.32076, 1.32076, 1.57588
0.918144
0.513784
1.32402
1.55094, 1.12012
0.418347, 0.662242
1.19931, 1.60895
1.18895, 0.925097
1.57069, 0.319031
1.75495, 0.130402
2.14685, 0.569088
1.75256
0.442109
2.24624, 2.34203
2.53618, 1.80554
1.09446, 2.21044
1.27229
1.58191, 1.51221
2.85337
2.1987
1.29062
0.276367
1.77334, 1.77334
2.74158
2.19332, 0.483923
2.7329
2.01977
1.91362
2.56006
1.62293
1.62293
2.95494, 0.639306
1.08182
1.08182
1.28243, 1.64945
2.06514
2.75266, 1.49967
2.01958
2.82976, 0.85865
0.631892
0.608391, 0.500558, 2.44218, 1.71665
1.91626, 1.64366, 2.10471
1.52861, 2.55921
1.65864, 1.29612
0.165157
0.074111
0.777308
0.382683, 0.716931
2.14763, 2.23096, 1.38227
0.521546
2.60796
1.14262, 1.74731
0.0339382
1.35217
0.407878
1.32599, 1.32599
2.34005
0.682402
0.934791, 0.622317
0.934791
1.62056, 1.19724
0.53393, 0.319073
0.643207
1.47829, 1.52235
0.592091, 2.4441
1.30832
1.77508, 0.972746
2.46794
1.11815
0.395316, 2.91158
1.14842, 0.744409, 2.52823
0.538941
2.00456, 1.90354, 2.62892
2.06269
0.600993
2.70343, 0.980125
1.34561, 1.95877
